source,shared_from,date,text,reactions,likes,ahah,love,wow,sigh,grrr,comments,post_id,url,share
DienAnh.Net,,2019-11-27 22:10:03,"Những nữ idol nào đã khiến dân tình ""điên đảo"" vì màu tóc hồng nhất năm 2019 nè? 😍 https://bestie.vn/2019/11/top-11-my-nhan-kpop-nhuom-toc-hong-dinh-nhat-nam-2019",36,35,,1,,,,2 bình luậ,10156821383720308,/story.php?story_fbid=10156821383720308&id=153464615307,Lưu
DienAnh.Net,,2019-11-27 21:22:47,"Không biết bánh bèo đã làm gì mà thanh niên này ""sợ hãi"" đến vậy? 🤣",7,7,,,,,,Bình luậ,10156818659045308,/story.php?story_fbid=10156818659045308&id=153464615307,Lưu
DienAnh.Net,,2019-11-27 20:22:00,Trời sinh sao để vậy đi đừng cố gắng kiềm nén 🤣 Cười xĩu với 2 người này,80,67,12,1,,,,2 bình luậ,10156821766470308,/story.php?story_fbid=10156821766470308&id=153464615307,Lưu
DienAnh.Net,,2019-11-27 20:10:00,😢 https://www.dienanh.net/news/cao-di-tuong-qua-doi-tuoi-35-loi-hua-phu-re-giac-mo-ket-hon-dang-do-21613.html,502,358,,10,,134,,7 bình luậ,10156821549415308,/story.php?story_fbid=10156821549415308&id=153464615307,Lưu
"DienAnh.Net,YAN News",YAN News,2019-11-27 19:47:09,"CÁC BẠN NHỚ CHÚ Ý GIỮ GÌN SỨC KHỎE 😢Vậy nhưng, con người với những điều đẹp đẽ, gắn liền với những ký ức thanh xuân của vô vàn người hâm mộ ấy đã mãi mãi ra đi rồi...",19,18,,1,,,,1 bình luậ,10156821777430308,/story.php?story_fbid=10156821777430308&id=153464615307,Lưu
DienAnh.Net,,2019-11-27 19:40:00,LẦY LÀ NGHỀ CỦA CHỊ MÀ 😅 https://www.dienanh.net/news/gong-hyo-jin-chia-se-thong-tin-ve-viec-nhan-vai-trong-khi-hoa-tra-no-21612.html,300,279,10,11,,,,2 bình luậ,10156821547910308,/story.php?story_fbid=10156821547910308&id=153464615307,Lưu
DienAnh.Net,,2019-11-27 19:10:00,CHÚC PHIM MỚI THÀNH CÔNG (y) https://www.dienanh.net/news/ahn-jae-hyun-va-oh-yeon-seo-giu-khoang-cach-trong-hop-bao-phim-moi-21610.html,110,105,1,4,,,,1 bình luậ,10156821546070308,/story.php?story_fbid=10156821546070308&id=153464615307,Lưu
"DienAnh.Net,YAN TV",YAN TV,2019-11-27 18:09:16,"DÙ ĐÃ GẦN 30 TUỔI, YOONA VẪN XINH ĐẸP 😘QUA 4 NĂM NHAN SẮC CHỈ CÓ LÊN KHÔNG CÓ KHÁI NIỆM XUỐNG 😂",66,64,,2,,,,Bình luậ,10156821677825308,/story.php?story_fbid=10156821677825308&id=153464615307,Lưu
DienAnh.Net,,2019-11-27 18:40:00,CHÀO MỪNG KIM WOO BIN TRỞ LẠI 😍 https://www.dienanh.net/news/kim-woo-bin-to-chuc-fanmeeting-cam-on-fan-da-cho-doi-21611.html,87,81,,6,,,,1 bình luậ,10156821543585308,/story.php?story_fbid=10156821543585308&id=153464615307,Lưu
DienAnh.Net,,2019-11-27 18:10:55,"Mái lưa thưa tuy giúp hack tuổi đáng kể, song thực tế cho thấy, không phải ai để kiểu mái này cũng đẹp 😅 https://bestie.vn/2019/11/sao-viet-de-mai-lua-thua-phuong-chanel-di-vao-vet-xe-do-cua-ky-duyen",35,34,1,,,,,Bình luậ,10156821353970308,/story.php?story_fbid=10156821353970308&id=153464615307,Lưu
DienAnh.Net,,2019-11-27 17:40:00,"Để đi đến vị trí như hiện tại, không ai biết Ninh Dương Lan Ngọc đã từng phải trải qua những gì 😢 https://bestie.vn/2019/11/ninh-duong-lan-ngoc-tiet-lo-ve-giai-doan-tram-cam-den-muc-di-xam-hinh",53,49,,2,,2,,1 bình luậ,10156821326310308,/story.php?story_fbid=10156821326310308&id=153464615307,Lưu
DienAnh.Net,,2019-11-27 17:20:44,"Với khuôn mặt trái xoan, sống mũi cao và nụ cười tươi như hoa, Phương Anh Đào luôn tự tin xuất hiện mọi lúc 😍 https://bestie.vn/2019/11/my-nhan-mat-moc-the-he-moi-cua-showbiz-viet-goi-ten-phuong-anh-dao",71,66,,5,,,,Bình luậ,10156821355340308,/story.php?story_fbid=10156821355340308&id=153464615307,Lưu
DienAnh.Net,,2019-11-27 17:00:37,BẠN CHỌN MÀU NÀO NÈ? 😍 https://bestie.vn/2019/11/nhung-mau-son-dinh-khien-hoi-chi-em-san-me-met-nhan-dip-black-friday,25,25,,,,,,Bình luậ,10156821353120308,/story.php?story_fbid=10156821353120308&id=153464615307,Lưu
DienAnh.Net,,2019-11-27 16:40:00,"Đông Nhi vừa tiết lộ một lý do ""gây sốc"" khi ""cấm"" Ninh Dương Lan Ngọc hát trong đám cưới của mình 😅 https://www.yan.vn/dong-nhi-tiet-lo-ly-do-khong-cho-ninh-duong-lan-ngoc-hat-o-dam-cuoi-216279.html",68,62,4,2,,,,Bình luậ,10156821348785308,/story.php?story_fbid=10156821348785308&id=153464615307,Lưu
DienAnh.Net,,2019-11-27 16:20:00,Cùng điểm qua xem nam cầu thủ nào diện sơ mi trắng đẹp nhất nhé! 😍 https://bestie.vn/2019/11/dan-ong-dep-nhat-khi-dien-so-mi-trang-nhin-thu-mon-van-lam-la-ro,27,26,,1,,,,Bình luậ,10156821361980308,/story.php?story_fbid=10156821361980308&id=153464615307,Lưu
DienAnh.Net,,2019-11-27 15:40:00,"Bích Phương không hề gây thất vọng khi đọ sắc cùng YoonA, Park Min Young và Nancy 😍 https://www.yan.vn/man-do-sac-xuyen-bien-gioi-giua-yoona-park-min-young-va-bich-phuong-216255.html",228,212,4,12,,,,10 bình luậ,10156821325300308,/story.php?story_fbid=10156821325300308&id=153464615307,Lưu
DienAnh.Net,,2019-11-27 15:08:24,Hàng loạt những sự cố khác xảy ra khiến AAA 2019 mất điểm trầm trọng trong mắt neitzen 🤔 https://www.yan.vn/aaa-2019-va-loat-su-co-khien-chuong-trinh-tro-thanh-tham-hoa-216254.html,72,70,2,,,,,2 bình luậ,10156821324605308,/story.php?story_fbid=10156821324605308&id=153464615307,Lưu
DienAnh.Net,,2019-11-27 14:10:24,"Chia tay là một chuyện đáng tiếc trong tình yêu, nhưng còn giữ cho nhau những kỷ niệm đẹp và ủng hộ nhau mới đáng trân trọng 🥰 https://www.yan.vn/sao-viet-cong-khai-ung-ho-nguoi-yeu-cu-mac-du-da-chia-tay-216163.html",29,29,,,,,,Bình luậ,10156820825190308,/story.php?story_fbid=10156820825190308&id=153464615307,Lưu
DienAnh.Net,,2019-11-27 13:40:40,"Gặp nhiều khó khăn trong sự nghiệp, song Lý Thạnh sau cùng vẫn được an ủi phần nào nhờ có được một gia đình hạnh phúc 🥰 https://bestie.vn/2019/11/tieu-yen-tu-kem-sac-nhat-man-anh-kem-danh-tieng-nhung-hanh-phuc",67,63,,4,,,,2 bình luậ,10156820839750308,/story.php?story_fbid=10156820839750308&id=153464615307,Lưu
DienAnh.Net,,2019-11-27 13:22:20,"Tội nghiệp cho cô gái ấy, không thích ăn ""xúc xích"" là một cái tội sao? :))) Cre: Đang Nhiều Đô Vlogs",146,126,16,1,1,2,,14 bình luậ,10156820775675308,/story.php?story_fbid=10156820775675308&id=153464615307,Lưu
DienAnh.Net,,2019-11-27 13:02:11,Tóc mái thưa “hô biến” những sao nữ Kbiz đã xinh đẹp lại thêm vạn phần trẻ trung và năng động 🥰 https://bestie.vn/2019/11/tuoi-bam-van-hoa-thieu-nu-voi-toc-mai-thua-ne-nhat-park-min-young,50,49,,1,,,,Bình luậ,10156820763855308,/story.php?story_fbid=10156820763855308&id=153464615307,Lưu
DienAnh.Net,,2019-11-27 12:40:00,LẠI NỮA SAO?!?! 🤔 https://www.dienanh.net/news/tuong-kinh-phu-lai-bi-nguoi-yeu-moi-nguoi-uruguay-to-vu-phu-21609.html,33,31,1,,,1,,1 bình luậ,10156821084065308,/story.php?story_fbid=10156821084065308&id=153464615307,Lưu
DienAnh.Net,,2019-11-27 12:22:05,Trả bài miệng: Cảm giác thốn nhất khi đi học! 🤣  Cre: Minh Dự Official,71,56,14,1,,,,5 bình luậ,10156818641750308,/story.php?story_fbid=10156818641750308&id=153464615307,Lưu
DienAnh.Net,,2019-11-27 12:00:00,NGẦU NHA 😎 https://www.dienanh.net/news/song-hye-kyo-va-goo-hye-sun-ca-tinh-quyen-ru-trong-bo-anh-moi-21608.html,457,445,,12,,,,2 bình luậ,10156821031800308,/story.php?story_fbid=10156821031800308&id=153464615307,Lưu
DienAnh.Net,,2019-11-27 11:44:53,"Dù công việc mỗi người đều rất bận rộn nhưng cả hai vợ chồng luôn dành hẳn thời gian để đi du lịch, giải trí 😍 https://www.yan.vn/tran-thanh-hari-won-che-chung-o-om-chat-nhau-lang-man-o-dai-loan-216245.html",45,45,,,,,,Bình luậ,10156820826075308,/story.php?story_fbid=10156820826075308&id=153464615307,Lưu
DienAnh.Net,,2019-11-27 11:23:00,Khi say là lúc lời bạn nói THẬT THÀ nhất :v  Và cũng là lúc bạn không nhớ gì luôn =)))),17,16,,1,,,,Bình luậ,10156818628420308,/story.php?story_fbid=10156818628420308&id=153464615307,Lưu
DienAnh.Net,,2019-11-27 11:00:00,😢 https://www.dienanh.net/news/cao-di-tuong-qua-doi-vi-dot-quy-huong-duong-35-tuoi-21607.html,617,400,,3,15,199,,74 bình luậ,10156820929595308,/story.php?story_fbid=10156820929595308&id=153464615307,Lưu
DienAnh.Net,,2019-11-27 10:40:00,SAO VIỆT HÔM NAY CÓ GÌ HOT? 😯 https://bestie.vn/2019/11/hoang-thuy-len-duong-du-mu-dieu-nhi-kieu-ky-bat-trend-ton-sur-ton,28,28,,,,,,Bình luậ,10156820851740308,/story.php?story_fbid=10156820851740308&id=153464615307,Lưu
DienAnh.Net,,2019-11-27 10:10:00,😱!!!! https://www.dienanh.net/news/vuong-lich-xuyen-cao-di-tuong-bi-dot-quy-tinh-trang-nguy-kich-21606.html,135,94,,1,2,38,,10 bình luậ,10156820848625308,/story.php?story_fbid=10156820848625308&id=153464615307,Lưu
DienAnh.Net,,2019-11-27 09:40:00,Công Vinh và Thủy Tiên lại một lần nữa khiến người hâm mộ phải bật cười thích thú trước độ đáng yêu của cả hai 😍😅 https://bestie.vn/2019/11/yeu-chieu-vo-nhu-cong-vinh-tang-toan-do-xa-xi-tri-gia-tien-ty,36,34,,2,,,,Bình luậ,10156820712245308,/story.php?story_fbid=10156820712245308&id=153464615307,Lưu
DienAnh.Net,,2019-11-27 09:10:00,NGHỈ NGƠI THẬT TỐT NHÉ 🥰 https://www.yan.vn/chong-dai-gia-don-lan-khue-va-quy-tu-ve-nha-sau-3-ngay-sinh-con-216246.html,36,34,1,1,,,,Bình luậ,10156820709565308,/story.php?story_fbid=10156820709565308&id=153464615307,Lưu
DienAnh.Net,,2019-11-27 08:40:00,Nhan sắc của NINH DƯƠNG LAN NGỌC đã thăng hạng đáng kể sau 10 năm và trở thành một trong những mỹ nhân hàng đầu showbiz Việt 😎 https://bestie.vn/2019/11/hanh-trinh-10-nam-lot-xac-nhan-sac-cua-ngoc-nu-ninh-duong-lan-ngoc,111,103,2,5,,1,,Bình luậ,10156818741835308,/story.php?story_fbid=10156818741835308&id=153464615307,Lưu
DienAnh.Net,,2019-11-27 08:10:30,"Hậu chia tay, dàn sao nữ này được khen ngợi là ""lột xác"" ngày càng xinh đẹp, quyến rũ hơn bao giờ hết 😘 https://bestie.vn/2019/11/ngoc-lan-thu-ngoc-duoc-khen-lot-xac-xinh-dep-goi-cam-sau-ly-hon",32,31,,,,1,,Bình luậ,10156818346315308,/story.php?story_fbid=10156818346315308&id=153464615307,Lưu
DienAnh.Net,,2019-11-26 22:10:17,"PHONG ĐỘ CHỈ LÀ NHẤT THỜI, ĐẲNG CẤP MỚI LÀ MÃI MÃI (y) https://www.dienanh.net/news/nhung-quy-ong-chua-tung-mat-gia-tren-man-anh-han-suot-hon-20-nam-qua-21567.html",768,736,6,26,,,,8 bình luậ,10156815977695308,/story.php?story_fbid=10156815977695308&id=153464615307,Lưu
DienAnh.Net,,2019-11-26 21:22:55,Bởi cái răng cái tóc là gốc con người mà :))) Phim: Vẫn Cứ Thích Em,555,487,56,11,1,,,12 bình luậ,10156818782235308,/story.php?story_fbid=10156818782235308&id=153464615307,Lưu
DienAnh.Net,,2019-11-26 21:00:10,"Chưa chạm mốc 25 tuổi nhưng cả 5 mỹ nhân này đều đã là đại gia với nhà đẹp, xế sang và bạt ngàn đồ hiệu 😎 https://bestie.vn/2019/11/sao-nu-sinh-nam-1995-jun-vu-sam-xe-sang-huong-tram-tau-nha-20-ty",53,53,,,,,,1 bình luậ,10156818702040308,/story.php?story_fbid=10156818702040308&id=153464615307,Lưu
DienAnh.Net,,2019-11-26 20:40:55,"Giữa làng giải trí Hoa ngữ đầy rẫy thị phi, tan hợp bất ngờ vẫn còn những cuộc hôn nhân bền chặt đáng ngưỡng mộ 🥰 https://bestie.vn/2019/11/cac-cap-sao-cbiz-khien-cong-chung-vung-tin-tinh-yeu-la-co-that",48,48,,,,,,Bình luậ,10156818710320308,/story.php?story_fbid=10156818710320308&id=153464615307,Lưu
DienAnh.Net,,2019-11-26 20:37:16,Chia tay đã buồn mà gặp hội bạn chuyên gia cà khịa! Giận tím người :))) Cre: 5S Online,734,619,102,10,3,,,3 bình luậ,10156819045330308,/story.php?story_fbid=10156819045330308&id=153464615307,Lưu
DienAnh.Net,,2019-11-26 20:10:44,LÚC MỚI VÀO NGHỀ ĐÃ NỔI BẬT HƠN NGƯỜI RỒI 😍 https://www.dienanh.net/news/loat-anh-sao-hang-dau-lang-phim-han-thuo-moi-vao-nghe-va-hien-tai-21558.html,"2,6K","2,5K",24,50,1,,,13 bình luậ,10156815985690308,/story.php?story_fbid=10156815985690308&id=153464615307,Lưu
DienAnh.Net,,2019-11-26 19:40:50,CÔ BÉ THỪA HOAN NGÀY NÀO NAY ĐÃ TRƯỞNG THÀNH RỒI 😍 https://www.dienanh.net/news/sao-nhi-hot-nhat-bo-bo-kinh-tam-gay-bao-mang-vi-day-thi-thanh-cong-21604.html,44,42,,2,,,,1 bình luậ,10156818724070308,/story.php?story_fbid=10156818724070308&id=153464615307,Lưu
DienAnh.Net,,2019-11-26 19:10:51,Lần nào Hà Hồ cũng tỏa sáng nhờ cách phối phụ kiện cao tay 😎 https://bestie.vn/2019/11/ha-ho-van-toa-sang-du-dung-hang-vay-ao-chan-chat-voi-cac-sao-quoc-te,50,49,,1,,,,Bình luậ,10156818351225308,/story.php?story_fbid=10156818351225308&id=153464615307,Lưu
DienAnh.Net,,2019-11-26 18:40:00,Ở thời điểm hiện tại cuộc sống cũng như sự nghiệp của dàn diễn viên có nhiều thay đổi đáng kể 🤔 https://bestie.vn/2019/11/dan-sao-city-hunter-sau-gan-10-nam-goo-hara-mai-mai-ra-di-o-tuoi-28,126,114,,5,1,6,,1 bình luậ,10156818349195308,/story.php?story_fbid=10156818349195308&id=153464615307,Lưu
DienAnh.Net,,2019-11-26 18:10:00,"Họ bỏ ra nhiều năm để rèn luyện, hoàn thiện bản thân để có thể trở thành idol ở xứ người (y) https://bestie.vn/2019/11/6-idol-nguoi-thai-vua-dep-vua-tai-nang-cua-showbiz-xu-han",63,62,,1,,,,Bình luậ,10156818645270308,/story.php?story_fbid=10156818645270308&id=153464615307,Lưu
DienAnh.Net,,2019-11-26 17:40:52,VÌ CON CÓ THỂ LÀM TẤT CẢ 😅 https://www.dienanh.net/news/lee-young-ae-chia-se-hai-con-khong-biet-den-do-noi-tieng-cua-minh-21602.html,"6,6K","6,2K",212,164,1,,,23 bình luậ,10156818664160308,/story.php?story_fbid=10156818664160308&id=153464615307,Lưu
DienAnh.Net,,2019-11-26 17:10:02,XINH ĐẸP HẾT SỨC LUÔN À 😍 https://www.dienanh.net/news/park-min-young-tro-thanh-anh-hau-chau-a-tai-starhub-singapore-21603.html,"4,9K","4,6K",16,247,4,,,12 bình luậ,10156818677050308,/story.php?story_fbid=10156818677050308&id=153464615307,Lưu
DienAnh.Net,,2019-11-26 16:40:00,Thần thái thái của tiểu mỹ nhân khiến nhiều người phải ngưỡng mộ 😍 https://bestie.vn/2019/11/hoa-hau-nhi-thai-lan-gay-bao-weibo-vi-nhan-sac-than-thai-dinh-cao,69,69,,,,,,2 bình luậ,10156818644395308,/story.php?story_fbid=10156818644395308&id=153464615307,Lưu
DienAnh.Net,,2019-11-26 16:10:00,Đáng yêu thế này làm sao fan không thương cho được 😍 https://www.yan.vn/son-tung-chuc-mung-sinh-nhat-cong-dong-fan-sky-tron-7-tuoi-216146.html,58,56,1,1,,,,1 bình luậ,10156818621415308,/story.php?story_fbid=10156818621415308&id=153464615307,Lưu
DienAnh.Net,,2019-11-26 15:40:00,Vẫn biết eo của cô nàng siêu nhỏ nhưng không ngờ nhỏ đến mức độ này 😯 https://bestie.vn/2019/11/rose-khien-fan-mat-chu-a-mom-chu-o-voi-vong-2-nho-den-muc-sieu-thuc,37,36,,1,,,,Bình luậ,10156818352175308,/story.php?story_fbid=10156818352175308&id=153464615307,Lưu
DienAnh.Net,,2019-11-26 15:10:00,"Chụp cùng bóng rổ, G-Dragon vẫn gây sốt vì thần thái cùng gu thời trang chất lừ 😎 https://bestie.vn/2019/11/gd-chup-cung-bong-ro-van-sot-cdm-fashionista-dang-cap-the-gioi-la-day",78,68,,10,,,,Bình luậ,10156818350140308,/story.php?story_fbid=10156818350140308&id=153464615307,Lưu
DienAnh.Net,,2019-11-26 14:40:00,ĐOÀN PHIM ĐÃ CỐ GẮNG NHIỀU RỒI (y) https://www.dienanh.net/news/chuyen-chang-nok-du-ket-thuc-rating-giam-nhe-khong-the-thang-vip-21601.html,44,43,,1,,,,1 bình luậ,10156818483090308,/story.php?story_fbid=10156818483090308&id=153464615307,Lưu
DienAnh.Net,,2019-11-26 14:10:00,"Những tiểu công chúa lai nhà Elly Trần, Hà Anh, Đoan Trang,... khiến cư dân mạng liêu xiêu vì vẻ ngoài xinh như thiên thần 😍 https://bestie.vn/2019/11/con-lai-nha-sao-viet-con-gai-elly-tran-ha-anh-la-hot-kid-so-1-cdm",36,36,,,,,,Bình luậ,10156818344965308,/story.php?story_fbid=10156818344965308&id=153464615307,Lưu
DienAnh.Net,,2019-11-26 13:40:00,TRƯỚC KHI CHÊ BAI PHẢI KIỂM TRA CHO KỸ NHA 😎 https://www.dienanh.net/news/duong-mich-bi-che-mac-do-re-tien-khong-bang-bong-tai-nhiet-ba-21600.html,13K,12K,387,145,16,3,6,162 bình luậ,10156818352725308,/story.php?story_fbid=10156818352725308&id=153464615307,Lưu
DienAnh.Net,,2019-11-26 13:10:13,KIỂU NÀO CŨNG NGỌT CHẾT NGƯỜI NHA 😍🥰 https://www.dienanh.net/news/1001-kieu-cau-hon-cua-sao-cbiz-chau-kiet-luan-cau-hon-tap-the-21584.html,271,265,2,4,,,,Bình luậ,10156815973980308,/story.php?story_fbid=10156815973980308&id=153464615307,Lưu
DienAnh.Net,,2019-11-26 12:40:00,😍 https://www.dienanh.net/news/luu-diec-phi-mat-moc-di-xem-frozen-2-xung-danh-than-tien-ty-ty-21598.html,276,269,,6,,,1,Bình luậ,10156818173410308,/story.php?story_fbid=10156818173410308&id=153464615307,Lưu
DienAnh.Net,,2019-11-26 12:22:43,"Rút kinh nghiệm lúc yêu có chụp hình bỏ hết vào một album, lúc xóa cho tiện :v",87,69,15,3,,,,5 bình luậ,10156818049945308,/story.php?story_fbid=10156818049945308&id=153464615307,Lưu
DienAnh.Net,,2019-11-26 12:00:00,CÒN DÁM CHÊ CHỊ NỮA KHÔNG? 😎 https://www.dienanh.net/news/lam-tam-nhu-tung-anh-khong-photohop-va-mat-anti-21596.html,"1,6K","1,6K",15,28,1,2,,23 bình luậ,10156818170915308,/story.php?story_fbid=10156818170915308&id=153464615307,Lưu
DienAnh.Net,,2019-11-26 11:40:00,SẮP ĐƯỢC GẶP WOOK NỮA RỒI 🥰 https://www.dienanh.net/news/ji-chang-wook-dep-trai-ngoi-ngoi-len-duong-bay-sang-viet-nam-du-aaa-21597.html,761,691,3,67,,,,13 bình luậ,10156818170225308,/story.php?story_fbid=10156818170225308&id=153464615307,Lưu
DienAnh.Net,,2019-11-26 11:22:21,Hình ảnh quen thuộc mỗi khi tôi và đứa bạn đi Đà Lạt về :)))) Cre: Mùa Hè Của Hồ Ly,48,44,1,3,,,,Bình luậ,10156816158220308,/story.php?story_fbid=10156816158220308&id=153464615307,Lưu
DienAnh.Net,,2019-11-26 11:00:34,Trương Vệ Kiện ở tuổi 54 vẫn yêu vợ như thuở ban đầu 🥰 https://bestie.vn/2019/11/cuoc-song-giau-sang-khong-con-cai-cua-truong-ve-kien-va-vo,250,235,3,12,,,,8 bình luậ,10156817937665308,/story.php?story_fbid=10156817937665308&id=153464615307,Lưu
DienAnh.Net,,2019-11-26 10:40:28,"Sự lầy lội, ""chặt chém"" nhau nhiệt tình này đã làm nên thương hiệu riêng của cặp đôi 😅😂 https://bestie.vn/2019/11/hai-huoc-cuoc-hon-nhan-thich-boc-me-tat-xau-cua-tran-thanh-hari",31,28,,3,,,,1 bình luậ,10156817937100308,/story.php?story_fbid=10156817937100308&id=153464615307,Lưu
DienAnh.Net,,2019-11-26 10:10:00,SAO VIỆT HÔM NAY CÓ GÌ HOT? 😯 https://bestie.vn/2019/11/chi-dan-lan-ngoc-di-an-cuoi-si-thanh-tung-anh-ki-niem-nua-nam-yeu,34,34,,,,,,Bình luậ,10156817908585308,/story.php?story_fbid=10156817908585308&id=153464615307,Lưu
DienAnh.Net,,2019-11-26 09:40:00,🤔 https://bestie.vn/2019/11/selena-khoe-hinh-xam-moi-netizen-nghi-ngo-lien-quan-den-justin,22,22,,,,,,1 bình luậ,10156817930765308,/story.php?story_fbid=10156817930765308&id=153464615307,Lưu
"DienAnh.Net,YAN News",YAN News,2019-11-26 08:33:16,"CHỈ LÀ CHỊ HAY HÁT THÔI 😅""Thánh phá hit"" mà cũng sợ đứng trên sân khấu hát lắm nha  mọi người 😉",28,25,1,2,,,,Bình luậ,10156818020530308,/story.php?story_fbid=10156818020530308&id=153464615307,Lưu
DienAnh.Net,,2019-11-26 09:10:00,😢 https://www.yan.vn/top-bigbang-gui-loi-xin-loi-muon-mang-den-goo-hara-216117.html,45,42,,,,3,,Bình luậ,10156816184335308,/story.php?story_fbid=10156816184335308&id=153464615307,Lưu
DienAnh.Net,,2019-11-26 08:40:36,THU NHẬP TỐT CÁCH MẤY CŨNG NÊN HỌC CÁCH TIẾT KIỆM ĐÚNG MỨC (y) https://bestie.vn/2019/11/thu-nhap-20-trieu-nhung-tieu-5-trieu-cdm-phi-ly-nhung-thuyet-phuc,182,158,18,2,1,,3,183 bình luậ,10156815970680308,/story.php?story_fbid=10156815970680308&id=153464615307,Lưu
DienAnh.Net,,2019-11-26 08:10:00,KHẢ NGÂN là nghệ sĩ Việt Nam duy nhất lọt top 100 gương mặt đẹp nhất châu Á 😍 https://bestie.vn/2019/11/kha-ngan-lot-top-100-guong-mat-dep-nhat-chau-a,107,98,2,5,2,,,1 bình luậ,10156816182145308,/story.php?story_fbid=10156816182145308&id=153464615307,Lưu
"DienAnh.Net,YAN TV",YAN TV,2019-11-25 22:39:57,"Dàn sao Vũ điệu đường cong sau 7 năm bây giờ ra sao? 😁Kim Phượng mắc bệnh ung thư vú, thoát vị đĩa đệm, may là chiến thắng được bệnh tật và tiếp tục diễn xuất 💪",19,19,,,,,,Bình luậ,10156816704205308,/story.php?story_fbid=10156816704205308&id=153464615307,Lưu
DienAnh.Net,,2019-11-25 22:10:07,Các mỹ nhân showbiz luôn biết cách khoe ưu điểm vóc dáng nhờ vào những thiết kế cắt khoét tinh tế 😍 https://bestie.vn/2019/11/sao-showbiz-do-lung-tran-goi-cam-lisa-jennie-nuot-na-khong-ti-vet,58,57,,1,,,,Bình luậ,10156815964380308,/story.php?story_fbid=10156815964380308&id=153464615307,Lưu
DienAnh.Net,,2019-11-25 21:22:40,"Em như con cáo, anh như chùm nho xanh Khi còn tươi trẻ, em đã cướp nụ hôn anh :))) Phim: Vẫn Cứ Thích Em",196,145,49,2,,,,2 bình luậ,10156815640040308,/story.php?story_fbid=10156815640040308&id=153464615307,Lưu
DienAnh.Net,,2019-11-25 21:00:49,Những sao nữ nào có đôi mắt đẹp nhất ở hai làng giải trí Hoa - Hàn? 😍 https://bestie.vn/2019/11/sao-nu-hoa-han-co-doi-mat-dep-nhat-lisa-hien-nhien-kho-vang-mat,127,119,,8,,,,Bình luậ,10156815699800308,/story.php?story_fbid=10156815699800308&id=153464615307,Lưu
DienAnh.Net,,2019-11-25 20:40:19,Ú ÒA CÁC EM CÁC CHÁU CÓ NHẬN RA MẤY ANH MẤY CHÚ KHÔNG NÈ!!! 😅😂 https://www.dienanh.net/news/nam-than-han-quoc-khien-fan-het-hon-voi-kieu-toc-la-dim-hang-21577.html,69,58,9,1,1,,,2 bình luậ,10156815976135308,/story.php?story_fbid=10156815976135308&id=153464615307,Lưu
DienAnh.Net,,2019-11-25 20:22:00,Sống trên đời nên biết xem lại thái độ của bản thân! Đợi tới lúc người ta nổi tiếng đừng đòi hám fame nha :))),740,624,106,9,,1,,12 bình luậ,10156816224145308,/story.php?story_fbid=10156816224145308&id=153464615307,Lưu
DienAnh.Net,,2019-11-25 20:10:58,NHÌN MÀ CHOÁNG LUÔN 😅 https://www.dienanh.net/news/muon-kieu-giay-don-hai-huoc-trong-phim-co-trang-cbiz-21585.html,13K,13K,795,69,32,10,,67 bình luậ,10156815972080308,/story.php?story_fbid=10156815972080308&id=153464615307,Lưu
"DienAnh.Net,YAN News",YAN News,2019-11-25 19:43:41,HAI NGƯỜI DỄ THƯƠNG QUÁ 🥰BẢO MẪU NÀY KHÓ TÍNH QUÁ HÀ 😂,14,13,1,,,,,Bình luậ,10156816306465308,/story.php?story_fbid=10156816306465308&id=153464615307,Lưu
DienAnh.Net,,2019-11-25 19:40:05,NHẤT ĐỊNH PHẢI THÀNH CÔNG NHA 😎 (y) https://www.dienanh.net/news/trieu-le-dinh-vui-ve-quay-lai-phim-truong-huu-phi-sau-scandal-bo-phim-21592.html,381,371,1,8,1,,,1 bình luậ,10156815942750308,/story.php?story_fbid=10156815942750308&id=153464615307,Lưu
DienAnh.Net,,2019-11-25 19:10:00,😍 https://www.dienanh.net/news/song-hye-kyo-duoc-anh-hau-rong-xanh-khen-xinh-dep-tren-mxh-21593.html,"2,4K","2,4K",4,39,,,,1 bình luậ,10156815943495308,/story.php?story_fbid=10156815943495308&id=153464615307,Lưu
DienAnh.Net,,2019-11-25 18:40:55,SẮP PHẢI CHIA TAY ĐÔI TRẺ NÀY RỒI 😢 https://www.dienanh.net/news/kim-so-hyun-du-doan-cai-ket-khi-chuyen-chang-nok-du-sap-ket-thuc-21594.html,316,302,2,11,1,,,1 bình luậ,10156816133995308,/story.php?story_fbid=10156816133995308&id=153464615307,Lưu
"DienAnh.Net,YAN TV",YAN TV,2019-11-25 18:26:07,Haizzz...😢 Đau lòng quáVỐN LÀ ANH EM THÂN THIẾT TỪ THƯỞ MỚI VÀO NGHỀ MÀ... 😞,67,53,,1,,12,1,1 bình luậ,10156816194500308,/story.php?story_fbid=10156816194500308&id=153464615307,Lưu
DienAnh.Net,,2019-11-25 18:11:39,LẠI CHUẨN BỊ THÊM 1 HOTBOY QUÂN NHÂN NỮA ĐÂY 😎 https://www.dienanh.net/news/hyun-bin-phong-do-voi-tao-hinh-quan-nhan-trong-phim-moi-21595.html,471,446,3,21,1,,,11 bình luậ,10156816130075308,/story.php?story_fbid=10156816130075308&id=153464615307,Lưu
DienAnh.Net,,2019-11-25 17:40:00,"Trấn Thành: ""Hi sinh là việc của đàn ông, phụ nữ cần được yêu thương"" (y) https://bestie.vn/2019/11/tran-thanh-phat-ngon-day-phu-nu-phai-hi-sinh-la-dieu-tan-nhan-nhat",272,254,,15,2,1,,18 bình luậ,10156815969500308,/story.php?story_fbid=10156815969500308&id=153464615307,Lưu
DienAnh.Net,,2019-11-25 17:10:54,Nếu Trương Hinh Dư phải ăn rau 2 bữa thì Dương Mịch chỉ dám ăn 1 sợi mì vì sợ béo 😢 https://bestie.vn/2019/11/giu-dang-khac-nghiet-nhu-sao-cbiz-duong-mich-chi-dam-an-1-soi-mi,42,42,,,,,,Bình luậ,10156810312255308,/story.php?story_fbid=10156810312255308&id=153464615307,Lưu
DienAnh.Net,,2019-11-25 16:40:48,"Sự nghiệp, đời tư lẫn ngoại hình của các diễn viên nhí đình đám đều có những thay đổi hết sức bất ngờ 😯 https://bestie.vn/2019/11/sao-nhi-viet-ngay-ay-bay-gio-ba-me-nhi-tham-gia-cac-khoa-tu-tap",36,35,,1,,,,Bình luậ,10156815701715308,/story.php?story_fbid=10156815701715308&id=153464615307,Lưu
DienAnh.Net,,2019-11-25 16:20:00,YÊU ĐÚNG NGƯỜI LÀ TRỞ THÀNH THẾ NÀY ĐÓ NHA 😍 https://bestie.vn/2019/11/cuong-dola-thay-doi-khi-yeu-tu-lang-man-den-nhi-nho-de-lam-vo-vui,46,44,,2,,,,1 bình luậ,10156815968815308,/story.php?story_fbid=10156815968815308&id=153464615307,Lưu
DienAnh.Net,,2019-11-25 16:00:04,SIÊU BÉ LUÔN!!! 😱 https://bestie.vn/2019/11/ngam-body-cua-blackpink-o-cu-li-gan-eo-cua-lisa-nho-den-kho-tin,28,26,,1,1,,,Bình luậ,10156815695030308,/story.php?story_fbid=10156815695030308&id=153464615307,Lưu
DienAnh.Net,,2019-11-25 15:40:00,Taylor Swift đã chính thức phá kỉ lục của Michael Jackson 😎 😍 https://www.yan.vn/taylor-swift-tro-thanh-nghe-si-nhan-nhieu-cup-nhat-trong-lich-su-amas-216100.html,70,62,1,6,1,,,Bình luậ,10156815950315308,/story.php?story_fbid=10156815950315308&id=153464615307,Lưu
DienAnh.Net,,2019-11-25 15:10:04,🤔 https://bestie.vn/2019/11/nha-cua-cuu-hoang-quy-phi-thai-lan-sau-khi-phe-truat,72,70,,2,,,,Bình luậ,10156815930700308,/story.php?story_fbid=10156815930700308&id=153464615307,Lưu
DienAnh.Net,,2019-11-25 14:40:28,MÌNH THÍCH THÌ MÌNH MẶC THÔI 🥰 https://bestie.vn/2019/11/giau-nhung-tiet-kiem-dong-nhi-bi-soi-mac-lai-do-cu-khi-du-su-kien,84,84,,,,,,Bình luậ,10156815691380308,/story.php?story_fbid=10156815691380308&id=153464615307,Lưu
DienAnh.Net,,2019-11-25 14:16:15,SAO VIỆT HÔM NAY CÓ GÌ HOT? 😯 https://bestie.vn/2019/11/nhi-thang-ro-net-phu-the-jun-pham-choi-lon-nhuom-toc-mau-sang,187,183,2,2,,,,Bình luậ,10156815698790308,/story.php?story_fbid=10156815698790308&id=153464615307,Lưu
DienAnh.Net,,2019-11-25 13:40:53,CÙNG SOI PHONG CÁCH SAO VIỆT TUẦN QUA NÀO 😯 https://bestie.vn/2019/11/phong-cach-sao-viet-nha-phuong-hoa-cong-chua-dan-dau-sao-mac-dep,52,52,,,,,,Bình luậ,10156815695955308,/story.php?story_fbid=10156815695955308&id=153464615307,Lưu
DienAnh.Net,,2019-11-25 13:22:54,"Phi công ""khá bảnh"" phen này có được ai trầm trồ vì lái được ""cực phẩm"" không ta? Cre: Đang Nhiều Đô Vlogs","1,4K","1,2K",108,42,5,3,,38 bình luậ,10156813968495308,/story.php?story_fbid=10156813968495308&id=153464615307,Lưu
DienAnh.Net,,2019-11-25 13:00:00,🤔 https://www.dienanh.net/news/lam-tam-nhu-bi-netizen-mia-mai-vi-bi-lo-anh-khong-photoshop-kem-sac-21591.html,"5,1K","4,9K",58,33,8,9,7,221 bình luậ,10156815742600308,/story.php?story_fbid=10156815742600308&id=153464615307,Lưu
DienAnh.Net,,2019-11-25 12:40:00,ANH CHỊ VẪN LUÔN ĐÁNG YÊU NHƯ VẬY 😍 https://www.dienanh.net/news/dang-sieu-cong-khai-to-tinh-voi-ton-le-trong-le-trao-giai-kim-ke-21590.html,75,68,3,4,,,,Bình luậ,10156815742315308,/story.php?story_fbid=10156815742315308&id=153464615307,Lưu
DienAnh.Net,,2019-11-25 12:22:40,Bé Sa bị la rồi mọi người ơi 😂 Bé Sa chào hết nỗi =)))) Cre: Chị Cano Official,62,38,22,2,,,,8 bình luậ,10156813973835308,/story.php?story_fbid=10156813973835308&id=153464615307,Lưu
DienAnh.Net,,2019-11-25 12:00:00,RẠNG NGỜI NHA 😍 https://bestie.vn/2019/11/selena-gomez-dien-vay-o-ep-vong-1-rang-ro-tren-tham-do-ama-2019,53,51,1,1,,,,Bình luậ,10156815689505308,/story.php?story_fbid=10156815689505308&id=153464615307,Lưu
DienAnh.Net,,2019-11-25 11:40:00,😢 https://www.dienanh.net/news/park-min-young-tiec-thuong-su-ra-di-cua-goo-hara-21589.html,166,148,,5,,13,,Bình luậ,10156815670425308,/story.php?story_fbid=10156815670425308&id=153464615307,Lưu
DienAnh.Net,,2019-11-25 11:22:09,"Hãy xem khi con gái ""đeo bám"" sẽ kinh khủng thế nào? 😱  Khả năng là không ""êm"" rồi đó 🤣",39,38,,1,,,,Bình luậ,10156814022485308,/story.php?story_fbid=10156814022485308&id=153464615307,Lưu
DienAnh.Net,,2019-11-25 10:42:08,HẾT TÌNH CÒN NGHĨA CHỨ 😢 https://www.dienanh.net/news/pham-bang-bang-lang-le-mung-sinh-nhat-ban-trai-cu-ly-than-21588.html,"3,7K","3,6K",3,38,2,20,2,7 bình luậ,10156815596335308,/story.php?story_fbid=10156815596335308&id=153464615307,Lưu
DienAnh.Net,,2019-11-25 10:10:50,"Có người hạnh phúc viên mãn, có người tan vỡ hôn nhân và hài lòng với cuộc sống làm mẹ đơn thân 😢 https://bestie.vn/2019/11/dan-sao-nu-phim-gai-nhay-sau-16-nam-minh-thu-lam-me-don-than",67,65,1,1,,,,Bình luậ,10156810556475308,/story.php?story_fbid=10156810556475308&id=153464615307,Lưu
DienAnh.Net,,2019-11-25 09:40:43,"Trái với khuôn mặt “khó ở”, những idol này thực chất lại có tính cách hoàn toàn ngược lại 😯 https://bestie.vn/2019/11/jennie-irene-noi-tieng-voi-khuon-mat-nhu-dang-quau-voi-ca-the-gioi",72,67,4,1,,,,Bình luậ,10156810552530308,/story.php?story_fbid=10156810552530308&id=153464615307,Lưu
DienAnh.Net,,2019-11-25 09:10:33,"Có tuổi thơ nghèo khó nhưng nhờ nỗ lực, cô gái này đã tự mua được nhà cửa, xe hơi, hàng hiệu 😎 https://bestie.vn/2019/11/gai-ngheo-mien-tay-lay-chong-ty-phu-me-chong-cung-chieu-het-muc",79,77,,2,,,,1 bình luậ,10156810550560308,/story.php?story_fbid=10156810550560308&id=153464615307,Lưu
DienAnh.Net,,2019-11-25 08:40:00,MẶN NỒNG NHƯ LÚC MỚI YÊU 😍 https://bestie.vn/2019/11/tran-thanh-hari-won-bay-to-tinh-cam-moi-luc-moi-noi,80,77,,3,,,,1 bình luậ,10156813240750308,/story.php?story_fbid=10156813240750308&id=153464615307,Lưu
DienAnh.Net,,2019-11-25 08:10:00,😍 https://bestie.vn/2019/11/luu-thi-thi-khoe-nhan-sac-gai-mot-con-sau-nua-nam-sinh-quy-tu,49,45,,4,,,,Bình luậ,10156813239120308,/story.php?story_fbid=10156813239120308&id=153464615307,Lưu
DienAnh.Net,,2019-11-24 22:10:00,Có rất nhiều các nghệ sĩ Kbiz không hứng thú với việc sử dụng mạng xã hội 🤔 https://bestie.vn/2019/11/noi-tieng-tai-nang-nhung-nhieu-ngoi-sao-kbiz-van-thuoc-hoi-anti-mxh,79,77,1,1,,,,1 bình luậ,10156813238120308,/story.php?story_fbid=10156813238120308&id=153464615307,Lưu
DienAnh.Net,,2019-11-24 21:22:50,Hủ nữ đâu nhào vô :v thuyền này không chèo cũng uổng à nghen 🤣 Cre: Vẫn Cứ Thích Em,100,65,32,2,,,1,1 bình luậ,10156813234555308,/story.php?story_fbid=10156813234555308&id=153464615307,Lưu
DienAnh.Net,,2019-11-24 21:00:49,Có 1 sự giống không hề nhẹ ở đây 😛,18,18,,,,,,Bình luậ,10156813681225308,/story.php?story_fbid=10156813681225308&id=153464615307,Lưu
DienAnh.Net,,2019-11-24 20:22:00,"Còn gì cay cú hơn khi bị sếp chê ""nhạt"" thẳng thừng 😭😭 Xem ngay cách chữa ""nhạt"" này nhé :v Cre: 5S Online",622,523,87,11,1,,,3 bình luậ,10156813385195308,/story.php?story_fbid=10156813385195308&id=153464615307,Lưu
DienAnh.Net,,2019-11-24 20:10:00,"Không chỉ Nhiệt Ba mà Quan Hiểu Đồng, Nghê Ni... cũng giữ vững phong độ nhan sắc 😍 https://www.yan.vn/nhan-sac-that-cua-sao-cbiz-qua-anh-sina-chup-nhiet-ba-dep-bat-chap-215988.html",60,56,1,2,1,,,1 bình luậ,10156813236540308,/story.php?story_fbid=10156813236540308&id=153464615307,Lưu
"DienAnh.Net,YAN TV",YAN TV,2019-11-24 19:55:31,"Trùng khớp đến đáng sợ 😔“Mọi người đừng xem thường, mình theo dõi trang này lâu, họ nói chuẩn lắm, vụ của JungKook cũng không sai chút nào” - nhiều fan bàn luận 😯",19,15,,,,4,,Bình luậ,10156813580820308,/story.php?story_fbid=10156813580820308&id=153464615307,Lưu
DienAnh.Net,,2019-11-24 19:22:02,"Anh trai ""nuôi"" cũng có this có that nha :)))  Cre: High 8 TV",117,104,8,4,,1,,Bình luậ,10156813066900308,/story.php?story_fbid=10156813066900308&id=153464615307,Lưu
DienAnh.Net,,2019-11-24 19:00:00,Khán giả lại một lần nữa được chiêm ngưỡng nhan sắc xinh đẹp của Bành Tiểu Nhiễm trong trang phục cổ trang 😍 https://bestie.vn/2019/11/banh-tieu-nhiem-dep-xuat-than-voi-vai-dien-moi-trong-dai-thoai-tay-du,176,171,,5,,,,2 bình luậ,10156813235315308,/story.php?story_fbid=10156813235315308&id=153464615307,Lưu
DienAnh.Net,,2019-11-24 18:36:19,Yên nghỉ nhé cô gái của tôi 😢,81,64,,,,15,2,Bình luậ,10156813440235308,/story.php?story_fbid=10156813440235308&id=153464615307,Lưu
DienAnh.Net,,2019-11-24 18:10:00,IU chính là minh chứng rõ nhất cho việc Sulli vẫn còn sống trong trái tim của rất nhiều người 😢 https://www.yan.vn/xuc-dong-truoc-noi-nho-cua-iu-ve-sulli-216012.html,129,118,,7,,4,,Bình luậ,10156813233670308,/story.php?story_fbid=10156813233670308&id=153464615307,Lưu
DienAnh.Net,,2019-11-24 17:40:00,Yoo Ah In vẫn ở bên mừng sinh nhật Song Hye Kyo 😍 https://www.yan.vn/yoo-ah-in-khong-bo-roi-song-hye-kyo-du-xay-ra-chuyen-gi-di-chang-nua-215977.html,342,320,2,19,,1,,7 bình luậ,10156813231955308,/story.php?story_fbid=10156813231955308&id=153464615307,Lưu
DienAnh.Net,,2019-11-24 17:19:52,Nhìn lối diễn tự do vậy thôi chứ tập dợt nghiêm túc lắm các bạn ạ!,74,73,,1,,,,1 bình luậ,10156813337560308,/story.php?story_fbid=10156813337560308&id=153464615307,Lưu
"DienAnh.Net,YAN TV",YAN TV,2019-11-24 16:57:10,CHỊ VUI LẠI RỒI NHA MẤY CƯNG >W<VÀ CON TIM ĐÃ VUI TRỞ LẠI 😆,32,31,,1,,,,Bình luậ,10156813326690308,/story.php?story_fbid=10156813326690308&id=153464615307,Lưu
DienAnh.Net,,2019-11-24 17:10:00,Quả là bạn thân 10 năm nên quà cưới cũng khác biệt hơn mọi người 🥰 https://bestie.vn/2019/11/can-canh-mon-qua-cuoi-ngo-kien-huy-tang-dong-nhi-ong-cao-thang,68,64,1,3,,,,Bình luậ,10156813242550308,/story.php?story_fbid=10156813242550308&id=153464615307,Lưu
DienAnh.Net,,2019-11-24 16:20:00,😢 https://www.yan.vn/nhiet-ba-danh-roi-khuyen-tai-tri-gia-ca-nua-ty-dong-tai-su-kien-215984.html,73,70,2,1,,,,Bình luậ,10156813230150308,/story.php?story_fbid=10156813230150308&id=153464615307,Lưu
DienAnh.Net,,2019-11-24 15:10:15,SAO VIỆT HÔM NAY CÓ GÌ HOT? 😯 https://bestie.vn/2019/11/chi-pu-bat-trend-ton-sur-ton-miu-le-khoe-vong-eo-khong-chut-mo-thua,44,44,,,,,,Bình luậ,10156812961795308,/story.php?story_fbid=10156812961795308&id=153464615307,Lưu
DienAnh.Net,,2019-11-24 14:10:05,Khuyên tai to bản hiện đang là hot trend được rất nhiều thần tượng yêu thích 😍 https://bestie.vn/2019/11/my-nhan-kpop-do-than-thai-xinh-dep-khi-deo-khuyen-tai,69,65,,4,,,,Bình luậ,10156807051400308,/story.php?story_fbid=10156807051400308&id=153464615307,Lưu
DienAnh.Net,,2019-11-24 13:10:52,Các tiểu thư nhà sao Việt sẽ trở thành những cái tên đình đám nếu tham gia vào showbiz 😍 https://bestie.vn/2019/11/hoi-tieu-thu-nha-sao-co-to-chat-hoa-hau-con-gai-quyen-linh-cao-1m70,74,74,,,,,,Bình luậ,10156810548835308,/story.php?story_fbid=10156810548835308&id=153464615307,Lưu
DienAnh.Net,,2019-11-24 12:22:44,Em mượn rịu tỏ tình đấy thì sao nào :v,46,43,,3,,,,Bình luậ,10156807256805308,/story.php?story_fbid=10156807256805308&id=153464615307,Lưu
DienAnh.Net,,2019-11-24 11:15:51,THÁNH Ế HỒ CA!,92,79,11,2,,,,Bình luậ,10156812762245308,/story.php?story_fbid=10156812762245308&id=153464615307,Lưu
DienAnh.Net,,2019-11-24 11:00:37,"Không ít lần các sao Việt vướng vào tin đồn dao kéo ""trời ơi đất hỡi"" :v https://bestie.vn/2019/11/muon-van-phan-ung-cua-sao-viet-truoc-tin-don-phau-thuat-tham-my",47,47,,,,,,Bình luậ,10156810295525308,/story.php?story_fbid=10156810295525308&id=153464615307,Lưu
DienAnh.Net,,2019-11-24 10:40:09,"Sau khi rời khỏi YG Entertainment, chưa nữ thần tượng nào tìm lại được ánh hào quang rực rỡ ngày ấy của mình 🤔 https://www.yan.vn/nhung-nu-than-tuong-lua-chon-roi-bo-yg-entertaiment-215952.html",25,25,,,,,,1 bình luậ,10156810583215308,/story.php?story_fbid=10156810583215308&id=153464615307,Lưu
"DienAnh.Net,YAN TV",YAN TV,2019-11-24 08:31:17,"Có con gái rượu thế này thì cưng đâu cho hết ❤️Con gái Hoa hậu Giáng My có khác, xinh hết phần thiên hạ 😍",15,15,,,,,,Bình luậ,10156812644880308,/story.php?story_fbid=10156812644880308&id=153464615307,Lưu
"DienAnh.Net,YAN News",YAN News,2019-11-24 10:08:43,CÚ RƠI BẠC TỶ UHUHU CHỊ TUI!,14,12,1,1,,,,Bình luậ,10156812631005308,/story.php?story_fbid=10156812631005308&id=153464615307,Lưu
DienAnh.Net,,2019-11-24 10:10:29,AI NÓI MẮT MỘT MÍ THÌ KHÔNG XINH 😍 https://bestie.vn/2019/11/dahyun-twice-va-dan-idol-so-huu-mat-cuoi-mot-mi-dep-la,31,27,1,3,,,,Bình luậ,10156807476705308,/story.php?story_fbid=10156807476705308&id=153464615307,Lưu
DienAnh.Net,,2019-11-24 09:40:48,PHƯƠNG TÂY KHÔNG HỀ AN TOÀN NHƯ CHÚNG TA VẪN TƯỞNG 🤔 https://bestie.vn/2019/11/huong-tram-ngo-thanh-van-kho-so-vi-bi-trom-tho-mat-do-o-nuoc-ngoai,27,26,,1,,,,Bình luậ,10156810561135308,/story.php?story_fbid=10156810561135308&id=153464615307,Lưu
DienAnh.Net,,2019-11-24 09:10:19,Trấn Thành cũng ba nghệ sĩ khách mời kể về những lần đối diện với anti-fan trên mạng xã hội 🤔 https://www.yan.vn/tran-thanh-hari-won-tung-muon-tu-van-vi-bi-chui-boi-tren-mxh-215925.html,46,43,,2,1,,,Bình luậ,10156810326700308,/story.php?story_fbid=10156810326700308&id=153464615307,Lưu
DienAnh.Net,,2019-11-24 09:10:01,DỰ LÀ HOT KHÔNG KÉM ĐÁM CƯỚI SAO NÀO 😆,82,81,,1,,,,1 bình luậ,10156812525390308,/story.php?story_fbid=10156812525390308&id=153464615307,Lưu
DienAnh.Net,,2019-11-24 08:40:31,"Danh sách bài hát của BLACKPINK trong World tour 2019 - 2020 bị lộ khiến người hâm mộ ""đứng ngồi không yên"" 😍 https://www.yan.vn/blackpink-lo-danh-sach-bai-hat-moi-cho-world-tour-2020-215944.html",35,31,1,3,,,,Bình luậ,10156810582395308,/story.php?story_fbid=10156810582395308&id=153464615307,Lưu
DienAnh.Net,,2019-11-24 08:18:42,Năm nay Táo không về nữa rồi 😓,45,43,,2,,,,1 bình luậ,10156812426865308,/story.php?story_fbid=10156812426865308&id=153464615307,Lưu
DienAnh.Net,,2019-11-24 08:10:23,LÂU LÂU ĐỌ SẮC TÍ 😍 https://www.yan.vn/duong-mich-nhiet-ba-cuc-quyen-ru-tai-lien-hoan-phim-kim-ke-215965.html,184,179,1,4,,,,1 bình luậ,10156811077400308,/story.php?story_fbid=10156811077400308&id=153464615307,Lưu
DienAnh.Net,,2019-11-23 22:10:00,😅 https://www.dienanh.net/news/nhung-sao-hoa-ngu-bi-dung-mat-voi-cac-thu-cung-21574.html,"1,3K","1,2K",85,8,,,,9 bình luậ,10156810335570308,/story.php?story_fbid=10156810335570308&id=153464615307,Lưu
DienAnh.Net,,2019-11-23 21:22:13,"Muốn làm thân với gái xinh, trước tiên phải làm thân với thú cưng của cô í :)))",90,88,2,,,,,1 bình luậ,10156807223360308,/story.php?story_fbid=10156807223360308&id=153464615307,Lưu
DienAnh.Net,,2019-11-23 21:00:00,NHÌN WOOK BUỒN CƯỜI QUÁ 😅 https://www.dienanh.net/news/diem-danh-cac-my-nam-tung-gia-gai-trong-phim-han-21548.html,"5,7K","5,2K",333,83,9,1,,71 bình luậ,10156810336925308,/story.php?story_fbid=10156810336925308&id=153464615307,Lưu
DienAnh.Net,,2019-11-23 20:22:00,"Tiền là phù du, nhận ngu ngơ là phù mỏ :)))",2K,"1,7K",236,27,1,,1,5 bình luậ,10156810653440308,/story.php?story_fbid=10156810653440308&id=153464615307,Lưu
DienAnh.Net,,2019-11-23 20:10:00,"Sau khi gặp thất bại trong chuyện tình yêu, nhan sắc của những mỹ nhân nổi tiếng này ngày càng mặn mà, ấn tượng hơn 😯 https://www.dienanh.net/news/nhung-my-nhan-cbiz-tinh-truong-that-bai-nhan-sac-len-huong-21575.html",12K,12K,45,128,4,4,,23 bình luậ,10156810334560308,/story.php?story_fbid=10156810334560308&id=153464615307,Lưu
DienAnh.Net,,2019-11-23 19:10:00,🤔 https://bestie.vn/2019/11/cdm-benh-vuc-krystal-khi-lo-hinh-anh-thua-can-xuong-sac,52,51,,1,,,,Bình luậ,10156810310975308,/story.php?story_fbid=10156810310975308&id=153464615307,Lưu
DienAnh.Net,,2019-11-23 18:10:00,"Lấn át luôn độ hot của Marian Rivera, chính là cô con gái Zia đáng yêu 🥰 https://bestie.vn/2019/11/marian-rivera-noi-bat-truoc-giang-sinh-nhung-be-zia-moi-la-tam-diem",163,149,,14,,,,2 bình luậ,10156810307660308,/story.php?story_fbid=10156810307660308&id=153464615307,Lưu
DienAnh.Net,,2019-11-23 17:10:00,"Dù biết mình bị chụp lén, Song Joong Ki vẫn cười nói vui vẻ bình thường 😯 https://www.yan.vn/giong-voi-vo-cu-song-joong-ki-dan-lay-lai-niem-vui-trong-cuoc-song-215835.html",78,72,,4,2,,,Bình luậ,10156810328025308,/story.php?story_fbid=10156810328025308&id=153464615307,Lưu
DienAnh.Net,,2019-11-23 16:21:26,"Lúc sống thì lừng lẫy, chết đi thì... 😢",143,140,,2,1,,,12 bình luậ,10156810364490308,/story.php?story_fbid=10156810364490308&id=153464615307,Lưu
DienAnh.Net,,2019-11-23 16:10:00,CHÚC MỪNG MẸ TRÒN CON VUÔNG 🥰 https://bestie.vn/2019/11/lan-khue-chinh-thuc-ha-sinh-quy-tu-dau-long-cho-ong-xa-doanh-nhan,69,68,,1,,,,Bình luậ,10156810317705308,/story.php?story_fbid=10156810317705308&id=153464615307,Lưu
DienAnh.Net,,2019-11-23 15:10:16,😥 https://www.yan.vn/yg-xoa-so-2ne1-khoi-danh-sach-nghe-si-dara-tu-chuc-giam-doc-pr-215929.html,65,55,,2,,7,1,Bình luậ,10156810077340308,/story.php?story_fbid=10156810077340308&id=153464615307,Lưu
DienAnh.Net,,2019-11-23 14:10:52,SAO VIỆT HÔM NAY CÓ GÌ HOT 😊 https://bestie.vn/2019/11/hoang-oanh-mot-minh-thu-vay-cuoi-lan-khue-than-tho-chuyen-kho-do,43,43,,,,,,Bình luậ,10156810064815308,/story.php?story_fbid=10156810064815308&id=153464615307,Lưu
DienAnh.Net,,2019-11-23 13:10:46,Vì đâu nên nỗi? 😥 https://bestie.vn/2019/11/tinh-ban-trong-cbiz-duong-tu-duong-mich-deu-bi-ban-than-cach-mat,187,185,1,,,,1,Bình luậ,10156810073030308,/story.php?story_fbid=10156810073030308&id=153464615307,Lưu
DienAnh.Net,,2019-11-23 12:40:15,VỢ NHÀ TÔI DỄ TÍNH LẮM 😅 https://bestie.vn/2019/11/truong-giang-nha-phuong-de-lam-chi-can-toi-dua-het-tien-la-duoc,83,66,15,2,,,,Bình luậ,10156810058965308,/story.php?story_fbid=10156810058965308&id=153464615307,Lưu
DienAnh.Net,,2019-11-23 12:22:43,Chàng trai này mạo hiểm phết 😱  Tỏ tình với crush chưa bao giờ là dễ cả... Cre: Đang Nhiều Đô Vlogs,414,359,41,13,1,,,10 bình luậ,10156809694290308,/story.php?story_fbid=10156809694290308&id=153464615307,Lưu
DienAnh.Net,,2019-11-23 11:22:48,"Còn gì nữa đâu mà tiếc, chơi tới bến luôn chứ sao 🤣","1,6K","1,5K",14,41,3,22,3,12 bình luậ,10156807257810308,/story.php?story_fbid=10156807257810308&id=153464615307,Lưu
DienAnh.Net,,2019-11-23 11:00:09,"Sau hơn gần 1 thập kỷ kể từ khi đứng chung sân khấu, những ""đôi tình nhân âm nhạc"" một thời hiện tại có cuộc sống ra sao? 🤔 https://www.yan.vn/nhung-cap-song-ca-dinh-dam-cua-vpop-da-ra-sao-sau-mot-thap-ky-215730.html",43,43,,,,,,Bình luậ,10156807490620308,/story.php?story_fbid=10156807490620308&id=153464615307,Lưu
DienAnh.Net,,2019-11-23 10:10:02,Đây là một trong những kiểu tóc được nhiều sao Hàn ưa chuộng nha 😍 https://bestie.vn/2019/11/idol-nu-bui-toc-cu-toi-irene-ji-soo-bung-no-su-dang-yeu,75,72,,2,1,,,Bình luậ,10156807042430308,/story.php?story_fbid=10156807042430308&id=153464615307,Lưu
DienAnh.Net,,2019-11-23 09:10:49,"Lisa bị CĐM giễu cợt vì trang phục ""một màu"" trong nhiều sân khấu 🤔 https://www.yan.vn/cho-lisa-mac-dung-mot-phong-cach-yg-bi-chi-trich-thieu-chuyen-nghiep-215788.html",36,34,,,,,2,Bình luậ,10156807491550308,/story.php?story_fbid=10156807491550308&id=153464615307,Lưu
DienAnh.Net,,2019-11-23 09:00:51,"16 năm rồi, tự dưng năm sau không có lại thấy thiếu nhỉ...",58,57,1,,,,,1 bình luậ,10156809669565308,/story.php?story_fbid=10156809669565308&id=153464615307,Lưu
DienAnh.Net,,2019-11-23 08:17:52,RỐT CUỘC DO GÌ NÊN THÀNH VẬY? 😕,445,438,2,4,,1,,7 bình luậ,10156809590585308,/story.php?story_fbid=10156809590585308&id=153464615307,Lưu
DienAnh.Net,,2019-11-23 08:10:49,"Sau khi ly hôn, Thanh Bình và Ngọc Lan có cách cư xử với nhau cực kỳ văn minh khiến nhiều người phải khâm phục 😇 https://bestie.vn/2019/11/thanh-binh-dang-anh-con-trai-va-gui-loi-cam-on-ngoc-lan-sau-ly-hon",270,263,,7,,,,11 bình luậ,10156807477260308,/story.php?story_fbid=10156807477260308&id=153464615307,Lưu
DienAnh.Net,,2019-11-22 22:10:19,NGỦ 1 CHÚT MÀ CŨNG KHÔNG YÊN VỚI ĐÁM BẠN 😅 https://www.yan.vn/nhung-tu-the-ngu-ba-dao-cua-idol-kpop-vi-lam-viec-kiet-suc-215848.html,48,45,2,1,,,,Bình luậ,10156807489525308,/story.php?story_fbid=10156807489525308&id=153464615307,Lưu
DienAnh.Net,,2019-11-22 21:41:08,BỞI VẬY CÓ QUEN TRAI TRẺ CŨNG KHÔNG THÀNH VẤN ĐỀ NHÁ 😂,14,14,,,,,,Bình luậ,10156808114460308,/story.php?story_fbid=10156808114460308&id=153464615307,Lưu
DienAnh.Net,,2019-11-22 21:22:30,"Nhớ Giả Nãi Lượng của ngày nào ghê, soái hết phần thiên hạ 😍 Cre: Vẫn Cứ Thích Em","1,4K","1,2K",227,43,1,1,,23 bình luậ,10156804747335308,/story.php?story_fbid=10156804747335308&id=153464615307,Lưu
DienAnh.Net,,2019-11-22 21:00:55,TỘI SẢNG QUÁ... 😢 https://www.dienanh.net/news/trinh-sang-mat-trang-vi-dau-tu-tien-cho-ban-trai-kinh-doanh-21581.html,14K,13K,51,92,22,839,32,324 bình luậ,10156807424910308,/story.php?story_fbid=10156807424910308&id=153464615307,Lưu
DienAnh.Net,,2019-11-22 20:40:42,CHÚC MỪNG SINH NHẬT CHỊ 🥰 https://www.dienanh.net/news/song-hye-kyo-dang-anh-qua-va-cam-on-cac-fan-dung-ngay-sinh-nhat-21583.html,"4,5K","4,4K",6,178,,1,,16 bình luậ,10156807449460308,/story.php?story_fbid=10156807449460308&id=153464615307,Lưu
DienAnh.Net,,2019-11-22 20:22:00,Khi bạn là một đứa dễ dụ nhưng lại có đám bạn cả tin :)))) Cre: 5S Online,"1,5K","1,3K",165,15,,1,,11 bình luậ,10156807771720308,/story.php?story_fbid=10156807771720308&id=153464615307,Lưu
DienAnh.Net,,2019-11-22 20:10:33,THÀNH CÔNG MỸ MÃN RỒI NHA 😍 https://www.dienanh.net/news/khi-hoa-tra-no-ket-thuc-voi-rating-cuc-khung-pha-vo-ky-luc-2019-21582.html,75,72,,3,,,,Bình luậ,10156807442890308,/story.php?story_fbid=10156807442890308&id=153464615307,Lưu
DienAnh.Net,,2019-11-22 19:10:00,🥰 https://www.dienanh.net/news/krystal-mat-tron-xinh-xan-dang-yeu-su-kien-thoi-trang-moi-21586.html,"4,8K","4,7K",22,58,,,2,11 bình luậ,10156807512165308,/story.php?story_fbid=10156807512165308&id=153464615307,Lưu
DienAnh.Net,,2019-11-22 18:40:41,SONG HYE KYO vô cùng xinh đẹp và rạng rỡ trong ngày sinh nhật 🥰 https://bestie.vn/2019/11/song-hye-kyo-don-sinh-nhat-doc-than-dau-tien-sau-ly-hon-song-joong-ki,89,87,1,,,,1,Bình luậ,10156807479960308,/story.php?story_fbid=10156807479960308&id=153464615307,Lưu
DienAnh.Net,,2019-11-22 18:10:35,😎😍 https://www.yan.vn/lisa-blackpink-gay-ngac-nhien-voi-nhung-dieu-nhay-moi-215874.html,126,113,,13,,,,Bình luậ,10156807487490308,/story.php?story_fbid=10156807487490308&id=153464615307,Lưu
DienAnh.Net,,2019-11-22 17:40:46,Cả 1 bầu trời giải trí tuổi thơ dần biến mất hết 😔,38,35,,,,3,,1 bình luậ,10156807565855308,/story.php?story_fbid=10156807565855308&id=153464615307,Lưu
DienAnh.Net,,2019-11-22 17:40:22,Ngọc Lan thường xuyên chia sẻ những khoảnh khắc bình yên và vui vẻ sau ly hôn 😯 https://bestie.vn/2019/11/ngoc-lan-hau-tuyen-bo-ly-hon-vui-ve-tan-huong-cuoc-song-binh-yen,51,50,,1,,,,Bình luậ,10156807467620308,/story.php?story_fbid=10156807467620308&id=153464615307,Lưu
DienAnh.Net,,2019-11-22 17:15:20,THÔI XONG... 😢 https://www.dienanh.net/news/luu-nhue-lan-nhan-tin-tan-tinh-fan-nu-sau-4-thang-hen-ho-dai-tu-21587.html,946,924,6,3,1,10,2,6 bình luậ,10156807534990308,/story.php?story_fbid=10156807534990308&id=153464615307,Lưu
DienAnh.Net,,2019-11-22 17:01:39,VTV thông cáo chính thức việc ngưng sóng Táo Quân 😢 https://www.yan.vn/vtv-thong-bao-tao-quan-ngung-san-xuat-sau-16-nam-gan-bo-215876.html,140,104,,2,1,33,,20 bình luậ,10156807519815308,/story.php?story_fbid=10156807519815308&id=153464615307,Lưu
DienAnh.Net,,2019-11-22 16:41:38,"SHOWBIZ SẮP CÓ ""CÔ DÂU MỚI"" NỮA RỒI 😍 https://bestie.vn/2019/11/hot-hoang-oanh-rang-ngoi-trong-bo-vay-co-dau-truoc-them-hon-le",25,24,,1,,,,Bình luậ,10156807458365308,/story.php?story_fbid=10156807458365308&id=153464615307,Lưu
DienAnh.Net,,2019-11-22 16:10:00,Cả hai người có cuộc sống khá khó khăn nhưng vẫn chịu chi số tiền lớn để đến địa điểm vui chơi đắt đỏ 😯 https://bestie.vn/2019/11/con-gai-dong-tinh-bi-thanh-long-choi-bo-chi-tien-lon-dan-vo-di-choi,110,109,,1,,,,2 bình luậ,10156807411620308,/story.php?story_fbid=10156807411620308&id=153464615307,Lưu
DienAnh.Net,,2019-11-22 15:40:00,Dù còn trẻ tuổi nhưng nữ MC Hoàng Oanh đã sớm sở hữu khối tài sản kếch xù 😎 https://bestie.vn/2019/11/khoi-tai-san-khong-phai-dang-vua-cua-hoang-oanh-truoc-khi-len-xe-hoa,32,31,,,,1,,Bình luậ,10156807351280308,/story.php?story_fbid=10156807351280308&id=153464615307,Lưu
DienAnh.Net,,2019-11-22 15:10:00,KHÔNG THUA KÉM AI ĐÂU NHA 🥰 https://bestie.vn/2019/11/noo-phuoc-thinh-than-thai-do-ve-dien-trai-cung-hai-my-nam-nct-nha-sm,46,45,,1,,,,Bình luậ,10156807349135308,/story.php?story_fbid=10156807349135308&id=153464615307,Lưu
DienAnh.Net,,2019-11-22 14:40:42,Dù chỉ mới 11 tuổi nhưng con gái của nữ diễn viên Trương Ngọc Ánh đã cho thấy nhan sắc và chiều cao vô cùng nổi bật 😯 https://bestie.vn/2019/11/thua-huong-gen-tot-tu-me-con-gai-truong-ngoc-anh-cao-khung-o-tuoi-11,990,967,2,19,2,,,7 bình luậ,10156807061150308,/story.php?story_fbid=10156807061150308&id=153464615307,Lưu
DienAnh.Net,,2019-11-22 14:20:42,"Những cặp mẹ con sao Việt dưới đây đều sở hữu phong cách sành điệu, và kết hợp thời trang vô cùng ăn ý 😍 https://bestie.vn/2019/11/nhung-cap-me-con-sanh-dieu-hang-hieu-cua-vbiz-khien-fans-thich-me",29,27,,1,1,,,Bình luậ,10156807052140308,/story.php?story_fbid=10156807052140308&id=153464615307,Lưu
DienAnh.Net,,2019-11-22 14:00:48,"""Cô dâu mới"" xinh đẹp của showbiz khiến người hâm mộ xúc động trước hình ảnh bước vào lễ đường 🥰 https://bestie.vn/2019/11/man-nhan-voi-khoanh-khac-tien-vao-le-duong-cua-co-dau-bao-thy",32,30,,2,,,,Bình luậ,10156807055110308,/story.php?story_fbid=10156807055110308&id=153464615307,Lưu
"DienAnh.Net,YAN TV",YAN TV,2019-11-22 12:30:50,"QUÁ XỨNG ĐÁNG 😍Vừa có sắc vừa có tiền sắp tới lại có chồng đẹp, nhất chị 😆",12,12,,,,,,Bình luậ,10156807303555308,/story.php?story_fbid=10156807303555308&id=153464615307,Lưu
DienAnh.Net,,2019-11-22 13:40:39,CÁC BẠN THẤY SAO? 🤔 https://bestie.vn/2019/11/luu-diec-phi-nhiet-ba-mat-tich-khoi-top-my-nhan-hoa-ngu,60,54,5,1,,,,Bình luậ,10156807065255308,/story.php?story_fbid=10156807065255308&id=153464615307,Lưu
DienAnh.Net,,2019-11-22 13:16:38,Nhiều người đẹp Vbiz đã không ngần ngại khoe trọn gương mặt mộc của mình với nhan sắc “không phải dạng vừa” 😎 https://bestie.vn/2019/11/my-nhan-viet-lo-mat-moc-dep-khong-ti-vet-chi-pu-la-dinh-nhat,36,36,,,,,,Bình luậ,10156807053295308,/story.php?story_fbid=10156807053295308&id=153464615307,Lưu
DienAnh.Net,,2019-11-22 12:20:18,"AI NÓI CHỊ ""BÁNH BÈO"" 😎 https://www.dienanh.net/news/duong-mich-lot-xac-hoan-toan-trong-bo-phim-moi-cam-on-bac-si-21578.html","7,4K","7,2K",53,201,9,2,,50 bình luậ,10156807111590308,/story.php?story_fbid=10156807111590308&id=153464615307,Lưu
DienAnh.Net,,2019-11-22 12:00:26,"NHAN SẮC KHÓ MÀ ""DÌM"" ĐƯỢC CỦA CÔ BA 😍 https://www.dienanh.net/news/dich-le-nhiet-ba-duoc-netizen-ca-tung-la-sat-thu-anh-chup-len-21580.html","1,4K","1,3K",16,65,,,,7 bình luậ,10156807126695308,/story.php?story_fbid=10156807126695308&id=153464615307,Lưu
DienAnh.Net,,2019-11-22 11:40:00,YOONA và SOO YOUNG hội ngộ kìa 😍 https://www.dienanh.net/news/dan-sao-khung-khoe-sac-tren-tham-do-rong-xanh-kim-woo-bin-trao-giai-21579.html,309,302,1,6,,,,Bình luậ,10156807089850308,/story.php?story_fbid=10156807089850308&id=153464615307,Lưu
DienAnh.Net,,2019-11-22 11:22:46,"Công nhận lí do duổi việc ""cực kỳ thuyết phục"" luôn á 🤣🤣 Cre: Mùa Hè Của Hồ Ly",104,102,,2,,,,3 bình luậ,10156804746815308,/story.php?story_fbid=10156804746815308&id=153464615307,Lưu
DienAnh.Net,,2019-11-22 11:00:32,😍🥰 https://www.yan.vn/gdragon-31-tuoi-van-duoc-chi-gai-tu-tay-chuan-bi-do-an-moi-ngay-215800.html,57,51,1,4,1,,,Bình luậ,10156807008465308,/story.php?story_fbid=10156807008465308&id=153464615307,Lưu
"DienAnh.Net,YAN TV",YAN TV,2019-11-22 10:40:33,"ÚI GIỜI, NGON NGON 🙈BAO NHIÊU TIỀN 1 TRÁI BẮP NÀY ĐÂY? 🙈",29,27,2,,,,,1 bình luậ,10156807047250308,/story.php?story_fbid=10156807047250308&id=153464615307,Lưu
DienAnh.Net,,2019-11-22 10:42:54,LƯU DIỆC PHI LẠI KHÔNG CÓ TRONG TOP 5 Ư? @@,14K,14K,228,265,17,18,32,364 bình luậ,10156807046720308,/story.php?story_fbid=10156807046720308&id=153464615307,Lưu
DienAnh.Net,,2019-11-22 10:40:25,SAO VIỆT HÔM NAY CÓ GÌ HOT? 😍 https://bestie.vn/2019/11/hoang-thuy-chon-cafe-phin-sua-da-bb-hai-trieu-tua-hac-bach-cong-cong,46,45,,1,,,,1 bình luậ,10156806999365308,/story.php?story_fbid=10156806999365308&id=153464615307,Lưu
DienAnh.Net,,2019-11-22 10:20:24,😎 https://bestie.vn/2019/11/nguoi-sat-dan-dau-cat-se-ngoi-sao-phim-sieu-anh-hung-voi-2392-ty,21,21,,,,,,Bình luậ,10156807003035308,/story.php?story_fbid=10156807003035308&id=153464615307,Lưu
"DienAnh.Net,YAN News",YAN News,2019-11-22 09:55:20,"ĐÓN XEM LÚC 12H TRƯA NAY CÙNG TRẤN THÀNH NHÉ MỌI NGƯỜI ❤️SOCIAL FOR GOOD - VÌ CỘNG ĐỒNG MẠNG VĂN MINH NHÂN ÁI - Chương trình vì cộng đồng do nghệ sĩ Trấn Thành cùng những người nổi tiếng trong cộng đồng người dùng chia sẻ về cách họ sử dụng các phương tiện truyền thông, kỹ thuật số để TÁC ĐỘNG TÍCH CỰC đến xã hội, thông qua 5 bàn tròn thảo luận trên tính năng livestream Facebook. Sự kiện sẽ được tổ chức lần đầu tiên tại Việt Nam vào trưa nay lúc 12:00 ngày 22/11/2019 - TRỰC TIẾP trên Fanpage Trấn Thành MC (https://www.facebook.com/tran.thanh.ne/) Hãy cùng Facebook, nghệ sĩ Trấn Thành và hàng loạt người nổi tiếng khác chia sẻ những điều tốt đẹp ngay hôm nay vì một cộng đồng mạng văn minh, nhân ái hơn nhé! YAN hân hạnh cùng Social For Good chia sẻ những thông điệp ý nghĩa, vì một cộng đồng mạng văn minh, nhân ái.  #socialforgood #socialforgoodvietnam #vicongdongmangvanminhnhanai",9,9,,,,,,Bình luậ,10156807003660308,/story.php?story_fbid=10156807003660308&id=153464615307,Lưu
DienAnh.Net,,2019-11-22 10:00:49,VẬY SẢN XUẤT ĐI CHỜ CHI VFC ƠIIII 😆,35,34,,1,,,,Bình luậ,10156806974800308,/story.php?story_fbid=10156806974800308&id=153464615307,Lưu
DienAnh.Net,,2019-11-22 09:10:05,Lưu Tuyết Hoa không chỉ lận đận về tình duyên mà nửa cuộc đời sau này của bà còn phải đeo mang tội danh mưu hại chồng 😢 https://bestie.vn/2019/11/nu-hoang-nuoc-mat-luu-tuyet-hoa-ca-doi-mang-tai-tieng-giet-chong,47,46,1,,,,,3 bình luậ,10156804890705308,/story.php?story_fbid=10156804890705308&id=153464615307,Lưu
DienAnh.Net,,2019-11-22 08:40:59,Có nhiều sao nữ Việt vẫn một lòng trung thành với mái tóc dài 😯 https://bestie.vn/2019/11/ha-ho-ha-tang-sao-nu-danh-ca-thanh-xuan-trung-thanh-voi-toc-dai,41,41,,,,,,Bình luậ,10156804717020308,/story.php?story_fbid=10156804717020308&id=153464615307,Lưu
DienAnh.Net,,2019-11-22 08:10:53,SIÊU XE CHỈ LÀ CHUYỆN NHỎ 😎 https://bestie.vn/2019/11/loa-mat-truoc-sieu-xe-tien-ty-trong-dam-cuoi-sao-viet,17,17,,,,,,Bình luậ,10156804901545308,/story.php?story_fbid=10156804901545308&id=153464615307,Lưu
"DienAnh.Net,YAN TV",YAN TV,2019-11-21 22:57:22,"Miễn đẹp là được rồi, xớ 😏Đẹp là được, mắc gì phải xoắn 😏",27,22,2,3,,,,Bình luậ,10156805606210308,/story.php?story_fbid=10156805606210308&id=153464615307,Lưu
DienAnh.Net,,2019-11-21 22:16:55,Đẹp vậy ai đẹp lại đây trời 😍,51,46,,5,,,,1 bình luậ,10156805483380308,/story.php?story_fbid=10156805483380308&id=153464615307,Lưu
DienAnh.Net,,2019-11-21 22:10:32,Có nhiều cặp đôi bạn thân kéo dài từ 10 đến 30 năm mặc bao “sóng gió” thị phi 🥰 https://bestie.vn/2019/11/ban-than-trong-showbiz-viet-hong-van-hong-dao-dan-dau-voi-30-nam,62,62,,,,,,Bình luậ,10156804890080308,/story.php?story_fbid=10156804890080308&id=153464615307,Lưu
"DienAnh.Net,YAN TV",YAN TV,2019-11-21 21:56:44,Nữ thần trong lòng tuiiiiiYoona mà về Việt Nam chắc cắm trại ở sân bay để đón quá 😍,21,20,,1,,,,Bình luậ,10156805427815308,/story.php?story_fbid=10156805427815308&id=153464615307,Lưu
"DienAnh.Net,YAN TV",YAN TV,2019-11-21 21:36:42,"Hóng ngày anh xuất hiện với phim ảnh 🥳Anh đã trở lại và hứa hẹn lợi hại hơn xưa nhé, nam thần trong lòng tui 🤩",24,24,,,,,,1 bình luậ,10156805371635308,/story.php?story_fbid=10156805371635308&id=153464615307,Lưu
DienAnh.Net,,2019-11-21 21:22:33,Tự nhiên cứ phải cãi nhau vì người yêu cũ. Có đáng không? 🙂,31,31,,,,,,Bình luậ,10156802200480308,/story.php?story_fbid=10156802200480308&id=153464615307,Lưu
DienAnh.Net,,2019-11-21 21:00:00,"Với việc hội tụ đầy đủ những yếu tố về sắc vóc, quả thật Tzuyu chính là mỹ nữ hàng đầu của Kpop thế hệ 3 😍 https://bestie.vn/2019/10/ngay-cang-dep-sac-sao-tzuyu-chinh-la-my-nhan-hang-dau-cua-kpop-gen3",70,68,,2,,,,Bình luậ,10156804888995308,/story.php?story_fbid=10156804888995308&id=153464615307,Lưu
DienAnh.Net,,2019-11-21 20:40:24,Đây là 4 ngôi sao nữ sở hữu vẻ ngoài xinh đẹp cuốn hút mọi ánh nhìn cả trên sân khấu và ngoài đời thực 😍 https://bestie.vn/2019/11/tinh-cu-lee-min-ho-dan-dau-do-nong-bong-trong-dan-my-nhan-sap-den-vn,33,32,,1,,,,Bình luậ,10156804716275308,/story.php?story_fbid=10156804716275308&id=153464615307,Lưu
DienAnh.Net,,2019-11-21 20:10:10,Bức ảnh 5 nam thần Cbiz quy tụ trong một khung hình bỗng gây sốt trở lại trên mạng xã hội 😍 https://bestie.vn/2019/11/ngay-ay-bay-gio-cua-5-nam-than-cbiz-lam-chi-dinh-da-la-ong-bo-3-con,61,60,,1,,,,Bình luậ,10156804821475308,/story.php?story_fbid=10156804821475308&id=153464615307,Lưu
DienAnh.Net,,2019-11-21 19:50:39,BUỒN THẬT SỰ BÀ CON Ạ... 😯,103,88,,,1,14,,11 bình luậ,10156805149995308,/story.php?story_fbid=10156805149995308&id=153464615307,Lưu
DienAnh.Net,,2019-11-21 19:40:01,CHÚC MỪNG ANH CHỊ 🥰 https://www.dienanh.net/news/khi-hoa-tra-no-tap-15-rating-tang-vot-lai-vuot-moc-20-21573.html,"1,5K","1,4K",,68,,1,,11 bình luậ,10156804872185308,/story.php?story_fbid=10156804872185308&id=153464615307,Lưu
DienAnh.Net,,2019-11-21 19:22:00,Phát động phong trào xong tự bẻ mặt luôn sếp ơi 🤣,749,669,71,8,,1,,5 bình luậ,10156805063175308,/story.php?story_fbid=10156805063175308&id=153464615307,Lưu
DienAnh.Net,,2019-11-21 19:10:55,😅 https://www.dienanh.net/news/duong-tu-phu-nhan-tin-don-di-trung-tu-nhan-sac-21572.html,10K,10K,189,77,5,8,,64 bình luậ,10156804872945308,/story.php?story_fbid=10156804872945308&id=153464615307,Lưu
DienAnh.Net,,2019-11-21 18:40:50,SẮP ĐƯỢC GẶP NỮA RỒI 🥰 https://www.dienanh.net/news/yoo-seung-ho-tro-lai-man-anh-nho-voi-drama-moi-dong-cap-lee-se-young-21576.html,"1,4K","1,3K",,57,2,,,10 bình luậ,10156804879750308,/story.php?story_fbid=10156804879750308&id=153464615307,Lưu
DienAnh.Net,,2019-11-21 18:10:33,Các tên tuổi đình đám một thời đã không còn xuất hiện trên màn ảnh mà đều chọn cuộc sống kín tiếng 🤔 https://bestie.vn/2019/11/cuoc-doi-bi-an-cua-dan-my-nhan-vbiz-tung-khuay-dao-thap-nien-1990,30,28,,2,,,,Bình luậ,10156804477990308,/story.php?story_fbid=10156804477990308&id=153464615307,Lưu
DienAnh.Net,,2019-11-21 17:40:44,"""Cú lừa"" của nữ đạo diễn Dương Khiết khiến Dương Xuân Hà ôm hận một đời 😢 https://bestie.vn/2019/11/doi-tu-kin-nhu-bung-cua-bach-cot-tinh-bi-dao-dien-lua-dong-tay-du-ky",59,55,,3,,,1,Bình luậ,10156804423595308,/story.php?story_fbid=10156804423595308&id=153464615307,Lưu
DienAnh.Net,,2019-11-21 17:10:00,PHÒNG TÂN HÔN VÔ CÙNG LÃNG MẠN 😍 https://www.yan.vn/bat-mi-can-phong-tan-hon-lang-man-cua-dong-nhi-ong-cao-thang-215751.html,29,27,,2,,,,Bình luậ,10156804850210308,/story.php?story_fbid=10156804850210308&id=153464615307,Lưu
DienAnh.Net,,2019-11-21 16:50:11,"🔥 Hãy cùng nghệ sĩ Trấn Thành và hàng loạt người nổi tiếng khác chia sẻ những điều tốt đẹp ngay hôm nay vì một cộng đồng mạng văn minh, nhân ái hơn nhé 🔥 👉Sự kiện sẽ được livestream hệ thống YAN vào lúc 12:00 ngày 22/11/2019  #socialforgood #socialforgoodvietnam #vicongdongmangvanminhnhanai",7,6,,1,,,,Bình luậ,10156804862055308,/story.php?story_fbid=10156804862055308&id=153464615307,Lưu
DienAnh.Net,,2019-11-21 16:40:00,Cục thuế Quốc gia Hàn Quốc đã tuyên bố mức phạt dành cho Daesung 😱 https://www.yan.vn/daesung-big-bang-doi-dien-voi-muc-phat-hon-23-ty-dong-215781.html,37,37,,,,,,Bình luậ,10156804856575308,/story.php?story_fbid=10156804856575308&id=153464615307,Lưu
DienAnh.Net,,2019-11-21 16:10:00,2 tờ báo lớn của Hong Kong và Đài Loan đều đăng bài viết khen ngợi nhan sắc của CHI PU 😯 https://bestie.vn/2019/11/chi-pu-duoc-bao-trung-tung-ho-la-de-nhat-my-nu-viet-nam,63,61,1,1,,,,2 bình luậ,10156804819505308,/story.php?story_fbid=10156804819505308&id=153464615307,Lưu
"DienAnh.Net,YAN TV",YAN TV,2019-11-21 15:23:58,Phốt qua nhanh để các anh của tui còn tụ họp 😢Khi nào vận xui mới hết đeo bám đây 😭,17,17,,,,,,Bình luậ,10156804817680308,/story.php?story_fbid=10156804817680308&id=153464615307,Lưu
DienAnh.Net,,2019-11-21 15:40:01,😅 https://www.yan.vn/dong-nhi-vao-nha-ve-sinh-len-len-nhin-ong-cao-thang-toi-don-dau-chua-215762.html,62,60,2,,,,,Bình luậ,10156804715650308,/story.php?story_fbid=10156804715650308&id=153464615307,Lưu
DienAnh.Net,,2019-11-21 15:10:00,BLACKPINK lẫn BTS “nắm tay nhau” trượt đề cử Grammy 2020 😢 https://www.yan.vn/ca-bts-va-blackpink-deu-truot-khoi-de-cu-cua-grammy-2020-215763.html,24,23,,,,1,,Bình luậ,10156804714955308,/story.php?story_fbid=10156804714955308&id=153464615307,Lưu
DienAnh.Net,,2019-11-21 14:45:28,"Một thời mê mệt, Lâm Chí Dĩnh giờ vẫn đẹp trai như thường 😎",120,115,,5,,,,5 bình luậ,10156804731515308,/story.php?story_fbid=10156804731515308&id=153464615307,Lưu
DienAnh.Net,,2019-11-21 14:40:03,"LÊN CHỨC ""CHỦ TỊCH BAE"" RỒI NHA 😎 https://www.dienanh.net/news/suzy-duoc-dan-tien-boi-trong-baekdusan-dat-cho-biet-danh-cuc-ngau-21571.html",29,27,,2,,,,Bình luậ,10156804711315308,/story.php?story_fbid=10156804711315308&id=153464615307,Lưu
DienAnh.Net,,2019-11-21 14:29:28,Cả 1 bầu trời tuổi thơ của tui đó 😔,230,186,3,1,1,39,,30 bình luậ,10156804714655308,/story.php?story_fbid=10156804714655308&id=153464615307,Lưu
DienAnh.Net,,2019-11-21 14:10:30,CÒN PHẢI NÓI 😍🥰 https://bestie.vn/2019/11/dong-nhi-than-voi-em-chong-con-duoc-bo-me-chong-yeu-thuong-het-muc,30,29,,1,,,,Bình luậ,10156804477045308,/story.php?story_fbid=10156804477045308&id=153464615307,Lưu
DienAnh.Net,,2019-11-21 13:49:03,Ai rồi cũng có cuộc sống riêng 😞,10,10,,,,,,Bình luậ,10156804667795308,/story.php?story_fbid=10156804667795308&id=153464615307,Lưu
DienAnh.Net,,2019-11-21 13:45:31,NGỌT NGÀO CHƯA 🙈,31,30,,,1,,,Bình luậ,10156804663740308,/story.php?story_fbid=10156804663740308&id=153464615307,Lưu
DienAnh.Net,,2019-11-21 13:40:00,Thậm chí Lisa còn là nghệ sĩ châu Á duy nhất góp mặt 😎 https://bestie.vn/2019/11/lisa-lot-top-10-nhan-vat-mac-dep-2019-xep-tren-ca-nu-ty-phu-kylie,52,48,,4,,,,Bình luậ,10156804457045308,/story.php?story_fbid=10156804457045308&id=153464615307,Lưu
DienAnh.Net,,2019-11-21 13:10:01,BẠN CÓ BIẾT? 🤭 https://bestie.vn/2019/11/quy-tac-ngam-can-tranh-de-tranh-thi-phi-trong-gioi-cbiz,29K,27K,831,242,44,11,10,165 bình luậ,10156804422265308,/story.php?story_fbid=10156804422265308&id=153464615307,Lưu
DienAnh.Net,,2019-11-21 12:40:00,😱?! https://www.dienanh.net/news/ro-tin-trinh-sang-da-chia-tay-truong-hang-fan-mo-tiec-an-mung-21570.html,11K,11K,271,98,10,13,,122 bình luậ,10156804525585308,/story.php?story_fbid=10156804525585308&id=153464615307,Lưu
DienAnh.Net,,2019-11-21 12:22:06,Mấy đứa trên mạng nói đạo lý thường ở ngoài sống như BÍP 🤣 Không ăn thì CHIM CÚT nhé :))) Gắt vậy mới đáng anh ơii Cre: High 8 TV,140,126,6,8,,,,5 bình luậ,10156803374695308,/story.php?story_fbid=10156803374695308&id=153464615307,Lưu
DienAnh.Net,,2019-11-21 12:00:14,MỪNG WOO BIN ĐÃ KHỎE HẲN RỒI 🥰 https://www.dienanh.net/news/kim-woo-bin-xac-nhan-tham-du-le-trao-giai-rong-xanh-21569.html,333,316,,16,,1,,6 bình luậ,10156804455040308,/story.php?story_fbid=10156804455040308&id=153464615307,Lưu
DienAnh.Net,,2019-11-21 11:40:00,KHÔNG LẼ LÀ PHIM GIẢ TÌNH THẬT? 🤔 https://www.dienanh.net/news/tran-khon-va-nghe-ny-lo-anh-o-chung-nha-suot-dem-21568.html,874,863,5,6,,,,1 bình luậ,10156804439730308,/story.php?story_fbid=10156804439730308&id=153464615307,Lưu
DienAnh.Net,,2019-11-21 11:22:30,Này này là em gì ơi em gì ơi em gì ơi :v Thích lắm mà cứ giả bộ quạu à :))),339,320,12,6,,,1,2 bình luậ,10156803427935308,/story.php?story_fbid=10156803427935308&id=153464615307,Lưu
DienAnh.Net,,2019-11-21 11:01:24,😍 https://www.dienanh.net/news/luu-diec-phi-gay-bao-vi-disney-tung-poster-hoa-moc-lan-phien-ban-nhat-21566.html,859,807,7,38,2,,5,15 bình luậ,10156804409440308,/story.php?story_fbid=10156804409440308&id=153464615307,Lưu
DienAnh.Net,,2019-11-21 10:59:34,OANH NHÌN QUA HẠNH PHÚC 😊,255,242,2,10,,1,,1 bình luậ,10156804418355308,/story.php?story_fbid=10156804418355308&id=153464615307,Lưu
DienAnh.Net,,2019-11-21 10:40:00,CÔ DÂU LÀ AI NHỈ? 🤭 https://bestie.vn/2019/11/xon-xao-thong-tin-ngo-kien-huy-sap-lam-dam-cuoi,45,42,,3,,,,Bình luậ,10156804258300308,/story.php?story_fbid=10156804258300308&id=153464615307,Lưu
DienAnh.Net,,2019-11-21 10:10:00,SAO VIỆT HÔM NAY CÓ GÌ HOT? 😯 https://bestie.vn/2019/11/bao-thy-khoe-chi-gai-hoang-oanh-chinh-thuc-cong-khai-mat-chong-tay,56,56,,,,,,Bình luậ,10156804257490308,/story.php?story_fbid=10156804257490308&id=153464615307,Lưu
DienAnh.Net,,2019-11-21 09:40:53,Đại gia Đức An xem Bồ Câu là công chúa nhưng anh vẫn hà khắc trong việc dạy con gái nhỏ 🧐 https://bestie.vn/2019/11/giau-nut-vach-chong-phan-nhu-thao-van-day-con-gai-theo-kieu-nha-ngheo,28,26,1,1,,,,Bình luậ,10156802179305308,/story.php?story_fbid=10156802179305308&id=153464615307,Lưu
DienAnh.Net,,2019-11-21 09:10:00,Loạt ảnh rõ mặt chồng sắp cưới Á hậu Hoàng Oanh bất ngờ rò rỉ trên mạng xã hội 😍 https://bestie.vn/2019/11/lo-dien-chan-dung-chong-tay-cuc-pham-cua-a-hau-hoang-oanh,76,73,,3,,,,1 bình luậ,10156802178240308,/story.php?story_fbid=10156802178240308&id=153464615307,Lưu
DienAnh.Net,,2019-11-21 08:40:02,"Có không ít idol sau khi ""dứt áo ra đi"" khỏi công ty cũ vẫn đang trong giai đoạn loay hoay tìm vị trí của mình trong sự nghiệp 🤔 https://bestie.vn/2019/11/nghe-si-dut-ao-ra-di-khoi-yg-entertainment-psy-thanh-cong-nhat",31,30,1,,,,,Bình luậ,10156802180090308,/story.php?story_fbid=10156802180090308&id=153464615307,Lưu
DienAnh.Net,,2019-11-21 08:10:35,1 TUẦN NỮA THÔI 😍 https://www.yan.vn/dan-nu-than-kbiz-chuan-bi-gay-bao-khi-xuat-hien-tai-aaa-2019-215656.html,24,23,,1,,,,Bình luậ,10156802106970308,/story.php?story_fbid=10156802106970308&id=153464615307,Lưu
DienAnh.Net,,2019-11-21 05:22:00,CẤN LẮM MỘT VÀI TỰA PHIM TÀI LIỆU TRUNG QUỐC HAY 😒,49,35,14,,,,,15 bình luậ,10156802991955308,/story.php?story_fbid=10156802991955308&id=153464615307,Lưu
DienAnh.Net,,2019-11-20 23:02:58,"THẤY MÀ TỨC Á, CHƯA BAO GIỜ TỨC VẬY Á!",170,154,,7,2,1,6,9 bình luậ,10156802935200308,/story.php?story_fbid=10156802935200308&id=153464615307,Lưu
DienAnh.Net,,2019-11-20 22:22:13,"Anh trai m85 còn không được hẹn hò, chúng tôi m7 biết phải làm sao... Cre: Đang Nhiều Đô Vlog","3,2K","2,5K",549,42,4,9,2,139 bình luậ,10156802584085308,/story.php?story_fbid=10156802584085308&id=153464615307,Lưu
DienAnh.Net,,2019-11-20 22:10:46,CỰC KỲ THÂN THIẾT LUÔN 😍 https://www.yan.vn/khi-sao-viet-chung-khung-hinh-voi-sao-han-khien-fan-ghen-ti-215640.html,54,54,,,,,,Bình luậ,10156802101065308,/story.php?story_fbid=10156802101065308&id=153464615307,Lưu
DienAnh.Net,,2019-11-20 21:53:00,"Nhiều người nhận xét, Triệu Lệ Dĩnh quá thẳng thắn, không khéo léo nói chuyện nên làm đối phương mất lòng 😔",23,23,,,,,,2 bình luậ,10156802792870308,/story.php?story_fbid=10156802792870308&id=153464615307,Lưu
DienAnh.Net,,2019-11-20 21:22:00,Tâm lí của các chị em cũng khá dễ nắm bắt QUAN TRỌNG LÀ PHẢI CHAI MẶT nha mấy anh em 🤣,48,43,4,1,,,,Bình luậ,10156801865005308,/story.php?story_fbid=10156801865005308&id=153464615307,Lưu
DienAnh.Net,,2019-11-20 21:00:00,KHÔNG THÀNH ĐÔI TRONG PHIM THÌ THÀNH NGOÀI ĐỜI 😍 https://www.dienanh.net/news/hyeri-ryu-jun-yeol-ba-nam-yeu-nhau-van-ngot-ngao-hanh-phuc-21563.html,"4,4K","4,1K",25,252,2,1,1,67 bình luậ,10156802317240308,/story.php?story_fbid=10156802317240308&id=153464615307,Lưu
DienAnh.Net,,2019-11-20 20:22:00,Ai đó nói thích con nít thì chắc chưa hiểu được cảm giác chăm trẻ như thế nào rồi 🤣 🤣 🤣,875,711,155,9,,,,6 bình luậ,10156802428115308,/story.php?story_fbid=10156802428115308&id=153464615307,Lưu
DienAnh.Net,,2019-11-20 20:10:00,🧐 https://www.dienanh.net/news/duong-tu-khien-netizen-hoa-ngu-day-song-vi-den-benh-vien-tham-my-21564.html,68,66,,2,,,,Bình luậ,10156802316050308,/story.php?story_fbid=10156802316050308&id=153464615307,Lưu
DienAnh.Net,,2019-11-20 19:10:00,"CHỊ RẤT ""NGẦU"" NHÉ 😍 https://www.dienanh.net/news/top-10-phim-va-ngoi-sao-truyen-hinh-hot-nhat-tuan-3-thang-11-21565.html","1,1K",1K,2,52,1,1,,13 bình luậ,10156802318140308,/story.php?story_fbid=10156802318140308&id=153464615307,Lưu
DienAnh.Net,,2019-11-20 18:10:25,"2 NGƯỜI 2 PHONG CÁCH NHƯNG VÔ TÌNH ""ĐỤNG HÀNG"" 😯 https://bestie.vn/2019/11/iu-dung-hang-nu-hoang-quyen-ru-hyuna-moi-nguoi-dep-mot-ve",62,58,1,3,,,,Bình luậ,10156801714605308,/story.php?story_fbid=10156801714605308&id=153464615307,Lưu
DienAnh.Net,,2019-11-20 17:50:09,Hiện tại các sao Việt được trả bao nhiêu khi tham gia đóng phim? 🤔 https://bestie.vn/2019/11/cat-xe-cua-dien-vien-viet-nguoi-nhan-tien-ty-ke-phai-bo-nghe,161,160,,1,,,,Bình luậ,10156801680560308,/story.php?story_fbid=10156801680560308&id=153464615307,Lưu
DienAnh.Net,,2019-11-20 17:30:01,THÌ RA LÀ THẾ 😌 https://bestie.vn/2019/11/hari-won-nhan-loi-cau-hon-cua-tran-thanh-vi-so-tu-choi-lam-anh-mat-mat,83,76,4,3,,,,Bình luậ,10156802090135308,/story.php?story_fbid=10156802090135308&id=153464615307,Lưu
DienAnh.Net,,2019-11-20 17:10:00,Họ đều từng có thời gian đứng trên bục giảng trước khi đến với sự nghiệp nghệ thuật 😯 https://bestie.vn/2019/11/midu-pham-huong-va-dan-sao-viet-xuat-than-la-giao-vien,62,62,,,,,,1 bình luậ,10156802176400308,/story.php?story_fbid=10156802176400308&id=153464615307,Lưu
DienAnh.Net,,2019-11-20 16:50:00,"Khánh đài năm nay vẫn có mặt nhiều ngôi lớn như Uông Minh Thuyên , Trần Hào, Trần Triển Bằng, Mã Quốc Minh, Hồ Định Hân, Trần Sơn Thông... (y) https://www.yan.vn/dan-sao-ky-cuu-hoi-ngo-mung-le-khanh-dai-tvb-ky-niem-52-nam-215694.html",33,33,,,,,,1 bình luậ,10156802109855308,/story.php?story_fbid=10156802109855308&id=153464615307,Lưu
"DienAnh.Net,YAN TV",YAN TV,2019-11-20 14:26:49,KHÔNG PHẢI AI CŨNG THÀNH CÔNG ĐÂU @@VANG DỘI NHẤT CHẮC KHÔNG THỂ THIẾU CHIPU 😅,7,7,,,,,,Bình luậ,10156802194190308,/story.php?story_fbid=10156802194190308&id=153464615307,Lưu
DienAnh.Net,,2019-11-20 16:30:00,Phạm Hương nôn nao làm cô dâu? 🤭 https://bestie.vn/2019/11/pham-huong-dang-anh-mac-vay-trang-non-nao-ngay-lam-co-dau,22,22,,,,,,Bình luậ,10156802172540308,/story.php?story_fbid=10156802172540308&id=153464615307,Lưu
DienAnh.Net,,2019-11-20 16:10:00,Những bức ảnh hậu trường do phía ekip các nghệ sĩ tung ra đã thu hút đông đảo sự quan tâm của các netizen 😍 https://www.yan.vn/dan-sao-khung-du-khai-mac-lhp-bach-hoa-kim-ke-2019-215675.html,51,50,,1,,,,Bình luậ,10156802107890308,/story.php?story_fbid=10156802107890308&id=153464615307,Lưu
DienAnh.Net,,2019-11-20 15:40:00,Sĩ Thanh mới đây đã chia sẻ đoạn clip tự tay chuẩn bị mọi thứ trong ngày sinh nhật bạn trai 😍 https://www.yan.vn/huynh-phuong-duoc-si-thanh-va-ngo-kien-huy-to-chuc-sinh-nhat-bat-ngo-215668.html,33,32,,1,,,,Bình luậ,10156802103175308,/story.php?story_fbid=10156802103175308&id=153464615307,Lưu
DienAnh.Net,,2019-11-20 15:10:16,NHÓM NHẠC KHÔNG HỀ CÓ LỖ HỔNG NHAN SẮC 😍 https://www.yan.vn/red-velvet-khoe-ve-dep-dien-dao-chung-sinh-qua-bo-anh-moi-215693.html,53,47,1,5,,,,Bình luậ,10156801874015308,/story.php?story_fbid=10156801874015308&id=153464615307,Lưu
"DienAnh.Net,YAN News",YAN News,2019-11-20 14:37:45,CẬU BA DUY HỚN HỞ QUÁ 😆,27,26,1,,,,,Bình luậ,10156802077990308,/story.php?story_fbid=10156802077990308&id=153464615307,Lưu
DienAnh.Net,,2019-11-20 14:40:22,Thứ đàn ông để ý nhất là dung mạo người phụ nữ liệu có đúng hay không? 🤔 https://bestie.vn/2019/11/ngoc-trinh-phat-ngon-gay-tranh-cai-dan-ong-de-y-dung-mao-phu-nu-nhat,831,778,30,21,,1,1,197 bình luậ,10156801683650308,/story.php?story_fbid=10156801683650308&id=153464615307,Lưu
DienAnh.Net,,2019-11-20 14:39:19,HỨA NGỤY CHÂU ANH ƠI 🙈,"3,3K","3,2K",13,51,,1,1,18 bình luậ,10156802051830308,/story.php?story_fbid=10156802051830308&id=153464615307,Lưu
DienAnh.Net,,2019-11-20 14:10:00,BÍ QUYẾT HACK TUỔI CỰC ĐƠN GIẢN ĐÂY NÈ 😍 https://www.dienanh.net/news/park-min-young-xinh-nhu-gai-doi-muoi-sau-khi-hack-tuoi-voi-mai-thua-21562.html,"1,7K","1,6K",6,52,8,1,1,5 bình luậ,10156801951770308,/story.php?story_fbid=10156801951770308&id=153464615307,Lưu
DienAnh.Net,,2019-11-20 13:40:00,MÃI LÀ NÀNG TIỂU LONG NỮ KHÔNG TUỔI 😍 https://www.dienanh.net/news/ly-nhuoc-dong-lai-gay-bao-mang-vi-than-hinh-nhu-gai-doi-muoi-o-tuoi-46-21561.html,72,65,,7,,,,Bình luậ,10156801950995308,/story.php?story_fbid=10156801950995308&id=153464615307,Lưu
DienAnh.Net,,2019-11-20 13:10:12,"Angelababy và Suzy khiến người hâm mộ đùa vui là có ""duyên nợ"" vì mãi đụng hàng nhau 😅 https://bestie.vn/2019/11/duyen-no-dung-hang-den-5-lan-angela-baby-va-suzy-kho-phan-cao-thap",56,53,2,1,,,,2 bình luậ,10156801805320308,/story.php?story_fbid=10156801805320308&id=153464615307,Lưu
DienAnh.Net,,2019-11-20 12:40:00,ĐẠI GIA NGẦM ĐÓ NHE 😎 https://www.dienanh.net/news/thich-tieu-long-sao-nhi-hot-nhat-cbiz-ngay-ay-la-dai-gia-ngam-21559.html,19K,18K,252,400,41,3,3,143 bình luậ,10156801869835308,/story.php?story_fbid=10156801869835308&id=153464615307,Lưu
"DienAnh.Net,YAN TV",YAN TV,2019-11-20 11:46:15,"Đã chơi là phải hết mình ☝️☝️ lênnnSau một đêm ""quẫy"" hết mình thì ""thân tàn ma dại"" nhận không ra 😂",24,24,,,,,,Bình luậ,10156801911070308,/story.php?story_fbid=10156801911070308&id=153464615307,Lưu
DienAnh.Net,,2019-11-20 12:22:42,Mỹ nhân kế bây giờ xưa rồi :v Vào đây xem chị một phát bước vào showbiz nè. Xem mà tức á! Cre: Ngọc Thanh Tâm Official,351,324,22,3,1,,1,5 bình luậ,10156801772425308,/story.php?story_fbid=10156801772425308&id=153464615307,Lưu
DienAnh.Net,,2019-11-20 12:01:52,"Người phải gom góp tiền trả nợ cho chồng, kẻ lại bị cư dân mạng chê cười vì kém tài 🤔 https://bestie.vn/2019/11/tu-dai-my-nhan-bac-kinh-nguoi-thay-chong-tra-no-ke-bi-che-kem-tai",126,123,,2,,1,,Bình luậ,10156801678150308,/story.php?story_fbid=10156801678150308&id=153464615307,Lưu
DienAnh.Net,,2019-11-20 11:40:00,🤔 https://www.dienanh.net/news/ahn-jae-hyun-xac-nhan-lan-dau-xuat-hien-cong-khai-hau-scandal-ly-hon-21560.html,710,700,1,6,1,1,1,7 bình luậ,10156801836285308,/story.php?story_fbid=10156801836285308&id=153464615307,Lưu
DienAnh.Net,,2019-11-20 11:22:00,Đúng là chỉ có con gái mới coi phim theo phong cách 77 49 thế như này 🤣,88,72,14,2,,,,Bình luậ,10156799207995308,/story.php?story_fbid=10156799207995308&id=153464615307,Lưu
"DienAnh.Net,YAN TV",YAN TV,2019-11-20 10:43:12,SƯƠNG SƯƠNG QUÀ TẶNG BẰNG NỬA NĂM LƯƠNG TUI RỒI 😌😌😌BẠN GÁI NGƯỜI TA KHÔNG BAO GIỜ KHIẾN TUI THẤT VỌNG 😂😂😂,14,14,,,,,,Bình luậ,10156801797280308,/story.php?story_fbid=10156801797280308&id=153464615307,Lưu
DienAnh.Net,,2019-11-20 11:00:00,LÂU LẮM RỒI MỚI HỘI NGỘ 😍 https://www.dienanh.net/news/lam-tam-nhu-tai-ngo-ly-minh-khai-tu-vi-va-dung-ma-ma-tay-bat-mat-mung-21557.html,162,158,,4,,,,Bình luậ,10156801716420308,/story.php?story_fbid=10156801716420308&id=153464615307,Lưu
DienAnh.Net,,2019-11-20 10:40:31,😍 https://www.yan.vn/trieu-vy-chiem-tron-spotlight-khi-dien-suit-den-quen-noi-y-215664.html,86,84,,2,,,,1 bình luậ,10156801715245308,/story.php?story_fbid=10156801715245308&id=153464615307,Lưu
DienAnh.Net,,2019-11-20 10:10:00,Công chúa nhỏ nhà Marian Rivera xinh đẹp như thiên thần trong buổi tiệc sinh nhật sớm 😍 https://bestie.vn/2019/11/con-gai-marian-rivera-cuc-dang-yeu-trong-tiec-sinh-nhat-som-tai-truong,115,110,,5,,,,1 bình luậ,10156801663535308,/story.php?story_fbid=10156801663535308&id=153464615307,Lưu
DienAnh.Net,,2019-11-20 09:50:31,SAO VIỆT HÔM NAY CÓ GÌ HOT? 😯 https://bestie.vn/2019/11/bb-tran-mac-hanbok-hoa-minzy-dang-anh-toan-than-sau-tin-sinh-con,27,25,2,,,,,Bình luậ,10156801661030308,/story.php?story_fbid=10156801661030308&id=153464615307,Lưu
DienAnh.Net,,2019-11-20 09:10:59,Người hâm mộ tinh ý phát hiện ra gia tài túi hiệu của Hoa hậu Hương Giang ngày càng đồ sộ 😎 https://bestie.vn/2019/11/gia-tai-tui-hieu-moi-ngay-mot-do-so-cua-huong-giang,26,26,,,,,,Bình luậ,10156799471895308,/story.php?story_fbid=10156799471895308&id=153464615307,Lưu
DienAnh.Net,,2019-11-20 08:40:48,"Tái xuất sau 3 năm ở ẩn, Boram - chị cả T-ara lần đầu tiết lộ lý do rời nhóm 🤔 https://www.yan.vn/boram-chi-ca-tara-lan-dau-tiet-lo-ly-do-roi-nhom-khong-mot-ly-do-215614.html",62,56,,,1,5,,Bình luậ,10156799469090308,/story.php?story_fbid=10156799469090308&id=153464615307,Lưu
DienAnh.Net,,2019-11-20 08:10:53,Nữ diễn viên tân binh của JYP khiến nhiều người hâm mộ phải khen ngợi hết lời 🥰 https://www.yan.vn/nu-dien-vien-tan-binh-duoc-ca-tung-nhu-nu-than-sanh-ngang-suzy-215579.html,47,47,,,,,,1 bình luậ,10156799465710308,/story.php?story_fbid=10156799465710308&id=153464615307,Lưu
DienAnh.Net,,2019-11-20 01:22:00,DIỄN VAI NÀO NHẬP VAI ĐÓ MÀ HỎI SAO... 😆,37,35,,2,,,,Bình luậ,10156800436685308,/story.php?story_fbid=10156800436685308&id=153464615307,Lưu
DienAnh.Net,,2019-11-19 22:10:00,EDWARD và BELLA ngày nào đã thay đổi đến chóng mặt 🧐 https://bestie.vn/2019/11/dan-sao-chang-vang-sau-11-nam-nu-chinh-kristen-hen-ho-dong-gioi,45,44,1,,,,,Bình luậ,10156799522030308,/story.php?story_fbid=10156799522030308&id=153464615307,Lưu
DienAnh.Net,,2019-11-19 21:22:00,Chuẩn bài con gái mê trai đầu thai mới hết :)),94,74,12,7,1,,,Bình luậ,10156799472295308,/story.php?story_fbid=10156799472295308&id=153464615307,Lưu
DienAnh.Net,,2019-11-19 21:00:00,AI BẢO TÌNH BẠN KHÁC GIỚI KHÔNG TỒN TẠI 🥰 https://bestie.vn/2019/11/ban-than-khac-gioi-vbiz-nhin-ha-tang-quang-tuyen-qua-nguong-mo,57,57,,,,,,Bình luậ,10156799523220308,/story.php?story_fbid=10156799523220308&id=153464615307,Lưu
DienAnh.Net,,2019-11-19 20:10:00,Số phận của những nữ nhân bên cạnh Quốc vương Thái Lan sau khi bị phế truất khiến nhiều người không khỏi bàng hoàng 😢 https://bestie.vn/2019/11/ro-ri-hinh-anh-cuu-vuong-phi-thai-lan-sau-khi-bi-phe-truat,58,52,,,1,3,2,1 bình luậ,10156799513840308,/story.php?story_fbid=10156799513840308&id=153464615307,Lưu
DienAnh.Net,,2019-11-19 19:40:00,SINH XONG DỰ LÀ SẼ ĐẸP HƠN NỮA NHA 😍 https://www.dienanh.net/news/ba-bau-duong-yen-lai-don-tim-cu-dan-mang-hoa-ngu-vi-tre-trung-xinh-xan-21555.html,"2,6K","2,5K",14,105,,,,16 bình luậ,10156799518760308,/story.php?story_fbid=10156799518760308&id=153464615307,Lưu
DienAnh.Net,,2019-11-19 19:10:00,SẮP PHẢI CHIA TAY CẶP ĐÔI ĐÁNG YÊU NÀY RỒI 😢 https://www.dienanh.net/news/loat-anh-tinh-cam-cua-kim-so-hyun-va-jang-dong-yoon-trong-phim-gay-sot-21556.html,82,76,,6,,,,Bình luậ,10156799515065308,/story.php?story_fbid=10156799515065308&id=153464615307,Lưu
DienAnh.Net,,2019-11-19 18:40:00,Nhan sắc của Selena Gomez trong 10 năm qua là cả một hành trình khiến người hâm mộ thấp thỏm không yên 🤔 https://www.yan.vn/nhan-sac-selena-gomez-10-nam-qua-khi-thi-len-can-luc-thi-lot-xac-215381.html,49,47,,2,,,,Bình luậ,10156799464900308,/story.php?story_fbid=10156799464900308&id=153464615307,Lưu
DienAnh.Net,,2019-11-19 18:20:00,😎 https://www.yan.vn/lisa-nghe-si-chau-a-duy-nhat-lot-vao-danh-sach-year-in-fashion-2019-215610.html,48,44,,4,,,,1 bình luậ,10156799463605308,/story.php?story_fbid=10156799463605308&id=153464615307,Lưu
DienAnh.Net,,2019-11-19 18:00:00,CHÚC MỪNG CÔ DÂU MỚI 🥰 https://www.dienanh.net/news/han-eun-jung-cua-ngoi-nha-hanh-phuc-thong-bao-ket-hon-o-tuoi-40-21554.html,26,26,,,,,,Bình luậ,10156799520165308,/story.php?story_fbid=10156799520165308&id=153464615307,Lưu
DienAnh.Net,,2019-11-19 17:40:06,ĐÁNG MONG CHỜ CHƯA NÈ 🥰 https://www.dienanh.net/news/suzy-khoe-nhan-sac-ben-lee-byung-hun-ha-jung-woo-trong-hop-bao-movie-21553.html,361,352,,8,1,,,Bình luậ,10156799339810308,/story.php?story_fbid=10156799339810308&id=153464615307,Lưu
DienAnh.Net,,2019-11-19 17:10:00,"Hoàng Oanh ở ngưỡng tuổi 30 cho thấy hình ảnh của một người phụ nữ xinh đẹp, bản lĩnh và thành công 😎 https://bestie.vn/2019/11/hoang-oanh-truoc-khi-len-xe-hoa-thanh-cong-xinh-dep-va-ban-linh",53,53,,,,,,Bình luậ,10156799460110308,/story.php?story_fbid=10156799460110308&id=153464615307,Lưu
DienAnh.Net,,2019-11-19 16:41:00,"Cuộc sống của các cô nàng này ""lên hương"" thấy rõ sau khi kết hôn với người chồng hơn nhiều tuổi 😍 https://bestie.vn/2019/11/nhung-nguoi-dep-vbiz-chung-minh-cuoi-chong-nhieu-tuoi-la-suong-nhat",45,43,2,,,,,Bình luậ,10156799450925308,/story.php?story_fbid=10156799450925308&id=153464615307,Lưu
DienAnh.Net,,2019-11-19 16:31:05,Thế này khỏi ai đồn đoán lung tung 😉,32,32,,,,,,Bình luậ,10156799435285308,/story.php?story_fbid=10156799435285308&id=153464615307,Lưu
DienAnh.Net,,2019-11-19 16:20:50,Bi béo của tuổi lên 10 có còn dễ thương như ngày lon ton chạy theo bố để tham gia chương trình? 😍 https://bestie.vn/2019/11/hien-tuong-bo-oi-mua-2-bi-beo-ngay-ay-bay-gio-van-dang-yeu-het-nac,25,25,,,,,,Bình luậ,10156799421140308,/story.php?story_fbid=10156799421140308&id=153464615307,Lưu
DienAnh.Net,,2019-11-19 15:40:52,Các bài hát của nhóm nhạc đến từ big3 đều chiếm đa số 😎 https://bestie.vn/2019/11/20-bai-hat-nhom-nhac-nu-duoc-yeu-thich-nhat-tren-melon-big-3-gop-mat,32,30,,2,,,,Bình luậ,10156798955985308,/story.php?story_fbid=10156798955985308&id=153464615307,Lưu
DienAnh.Net,,2019-11-19 15:10:00,NỖI KHỔ CHỈ NHỮNG AI NGHIỆN TRÀ SỮA MỚI HIỂU 😅 https://www.dienanh.net/news/chau-kiet-luan-bi-ba-xa-con-lang-bat-di-tap-the-duc-vi-nghien-tra-sua-21550.html,1K,1K,68,6,1,1,,12 bình luậ,10156799264015308,/story.php?story_fbid=10156799264015308&id=153464615307,Lưu
DienAnh.Net,,2019-11-19 14:40:01,CHÚC CÔ BÉ TÌM ĐƯỢC CÔNG TY TỐT HƠN 🥰 https://www.dienanh.net/news/kim-sae-ron-chia-tay-yg-sau-3-nam-cong-tac-khien-fan-vui-mung-21551.html,"9,5K","9,3K",10,191,1,64,,13 bình luậ,10156799236210308,/story.php?story_fbid=10156799236210308&id=153464615307,Lưu
DienAnh.Net,,2019-11-19 14:28:01,LẤY TÊN DĨNH TỶ ĐỂ PR PHIM À? @@,139,116,2,3,,2,16,9 bình luậ,10156799262570308,/story.php?story_fbid=10156799262570308&id=153464615307,Lưu
DienAnh.Net,,2019-11-19 14:15:00,CHÚC MỪNG MẸ TRÒN CON VUÔNG 😍 https://www.dienanh.net/news/thai-thieu-phan-sinh-con-thu-3-khoe-anh-gia-dinh-5-thanh-vien-21552.html,"7,4K","7,2K",13,173,7,,2,42 bình luậ,10156799233530308,/story.php?story_fbid=10156799233530308&id=153464615307,Lưu
DienAnh.Net,,2019-11-19 13:40:15,NGHE 1 LẦN LÀ KHÔNG DỨT RA ĐƯỢC NHA 😍 https://www.yan.vn/10-ca-khuc-kpop-gay-nghien-nhat-gee-snsd-cheer-up-twice-gop-mat-215529.html,27,25,,2,,,,Bình luậ,10156798909365308,/story.php?story_fbid=10156798909365308&id=153464615307,Lưu
DienAnh.Net,,2019-11-19 13:10:08,VẪN NHƯ LÚC MỚI YÊU 😍 https://bestie.vn/2019/11/tuan-trang-mat-cua-sao-viet-nhi-thang-dua-nhau-di-tron-o-singapore,59,57,,2,,,,Bình luậ,10156798976180308,/story.php?story_fbid=10156798976180308&id=153464615307,Lưu
DienAnh.Net,,2019-11-19 12:40:59,Hiện tại sau 9 năm dàn diễn viên góp mặt trong phim đã có những sự thay đổi lớn trong sự nghiệp và cuộc sống đời tư 🤔 https://bestie.vn/2019/11/dan-sao-my-nhan-tam-ke-sau-9-namlam-tam-nhu-hanh-phuc-vien-man-nhat,53,52,,1,,,,Bình luậ,10156798987740308,/story.php?story_fbid=10156798987740308&id=153464615307,Lưu
DienAnh.Net,,2019-11-19 12:13:30,SỐNG VẬY MÀ SỐNG ĐƯỢC @@,116,109,3,2,,1,1,14 bình luậ,10156799080515308,/story.php?story_fbid=10156799080515308&id=153464615307,Lưu
DienAnh.Net,,2019-11-19 12:10:40,DÙ SAO TAN VỠ CŨNG LÀ ĐIỀU KHÔNG MONG MUỐN 😢 https://bestie.vn/2019/11/sao-hoa-han-cau-hon-ngon-tinh-chia-tay-be-bang,33,33,,,,,,Bình luậ,10156798973585308,/story.php?story_fbid=10156798973585308&id=153464615307,Lưu
"DienAnh.Net,YAN TV",YAN TV,2019-11-19 10:56:33,CON GÁI DIỆP LÂM ANH NHƯ BÚP BÊ ẤY 😍Mê cặp mẹ con Diệp Lâm Anh quá chèn 😆,19,19,,,,,,Bình luậ,10156799051690308,/story.php?story_fbid=10156799051690308&id=153464615307,Lưu
DienAnh.Net,,2019-11-19 11:40:00,MỘT GIA ĐÌNH THẬT KHÓ HIỂU 🙃 https://www.dienanh.net/news/gia-nai-luong-co-doc-me-ly-tieu-lo-ung-ho-con-gai-hau-ly-hon-21549.html,"7,6K","7,3K",113,30,15,107,25,210 bình luậ,10156798910215308,/story.php?story_fbid=10156798910215308&id=153464615307,Lưu
DienAnh.Net,,2019-11-19 11:35:03,LẠI VÀO VAI CÔNG CHÚA ANNA NỮA NHÉ!! 😆,31,31,,,,,,Bình luậ,10156799030730308,/story.php?story_fbid=10156799030730308&id=153464615307,Lưu
DienAnh.Net,,2019-11-19 11:22:00,"""Anh có đồng ý làm bạn trai em không?"" - câu tỏ tình đơn giản nhưng auto gục ngả nha 😍 Cre: Mùa Hè Của Hồ Ly",129,118,4,7,,,,1 bình luậ,10156796796540308,/story.php?story_fbid=10156796796540308&id=153464615307,Lưu
DienAnh.Net,,2019-11-19 11:00:00,LÀ AI VẬY TA? 😍 https://www.yan.vn/nu-than-toc-vang-rose-blackpink-nay-da-co-doi-thu-215565.html,44,43,,1,,,,2 bình luậ,10156798886290308,/story.php?story_fbid=10156798886290308&id=153464615307,Lưu
DienAnh.Net,,2019-11-19 10:40:00,"Combo váy nhung cùng “ba nghìn” lớp phấn khiến nhan sắc Selena bị ""dìm"" thê thảm 😕 https://www.yan.vn/selena-gomez-khien-fan-tut-mood-boi-ve-ngoai-xuong-sac-215573.html",32,32,,,,,,Bình luậ,10156798824380308,/story.php?story_fbid=10156798824380308&id=153464615307,Lưu
DienAnh.Net,,2019-11-19 10:10:00,SAO VIỆT HÔM NAY CÓ GÌ HOT? 😯 https://bestie.vn/2019/11/hhen-nie-bi-cho-giong-bup-be-ken-lan-khue-sot-ruot-vi-chua-vo-chum,20,19,,1,,,,Bình luậ,10156798821060308,/story.php?story_fbid=10156798821060308&id=153464615307,Lưu
DienAnh.Net,,2019-11-19 09:58:38,"AI THƯƠNG SONG HYE KYO LẠI FAN NỮA, CƯNGGG 😍",70,65,,4,,1,,Bình luậ,10156798845725308,/story.php?story_fbid=10156798845725308&id=153464615307,Lưu
DienAnh.Net,,2019-11-19 09:55:19,NAM THẦN ĐÃ TÁI XUẤT RỒI ĐÂYYY 😝,33,32,1,,,,,Bình luậ,10156798840535308,/story.php?story_fbid=10156798840535308&id=153464615307,Lưu
DienAnh.Net,,2019-11-19 09:40:00,"“Tuần 40 rồi baby ơi, ra đi nào” 😅 https://bestie.vn/2019/11/mang-thai-tuan-40-lan-khue-sot-ruot-vi-con-trai-chua-chiu-vo-chum",51,49,,2,,,,Bình luậ,10156798680280308,/story.php?story_fbid=10156798680280308&id=153464615307,Lưu
DienAnh.Net,,2019-11-19 09:17:48,Lương Thế Thành chắc kiếp trước giải cứu thế giới mới lấy vợ đẹp thế này nàyyy 😝,29,29,,,,,,Bình luậ,10156798766145308,/story.php?story_fbid=10156798766145308&id=153464615307,Lưu
DienAnh.Net,,2019-11-19 09:10:00,"Dù đã trải qua nhiều năm, Lưu Diệc Phi vẫn khiến người hâm mộ ngây ngất trước khí chất ""thần tiên tỷ tỷ"" 😍 https://bestie.vn/2019/11/chi-mot-khoanh-khac-luu-diec-phi-chung-minh-dang-cap-than-tien-ty-ty",127,115,1,11,,,,1 bình luậ,10156796581515308,/story.php?story_fbid=10156796581515308&id=153464615307,Lưu
DienAnh.Net,,2019-11-19 08:55:01,Khổ từ phim ra ngoài đời 😢,188,185,1,1,,1,,22 bình luậ,10156798711025308,/story.php?story_fbid=10156798711025308&id=153464615307,Lưu
DienAnh.Net,,2019-11-19 08:40:00,Nhiều người sẽ phải bất ngờ với ngoại hình của những diễn viên nhí tham gia trong bộ phim Harry Potter 🤔 https://bestie.vn/2019/11/dan-sao-harry-potter-sau-18-nam-nam-chinh-daniel-day-thi-qua-that-bai,47,41,,4,,2,,Bình luậ,10156796580710308,/story.php?story_fbid=10156796580710308&id=153464615307,Lưu
"DienAnh.Net,YAN TV",YAN TV,2019-11-19 08:36:27,Không có cái xui nào xui hơn nữa 😢Vận xui chưa thôi đeo bám BIGBANG hả trời ơi 😭,10,10,,,,,,Bình luậ,10156798673235308,/story.php?story_fbid=10156798673235308&id=153464615307,Lưu
DienAnh.Net,,2019-11-19 08:10:02,"3 nữ idol này không chỉ có khả năng nhảy điêu luyện mà việc làm chủ sân khấu, thần thái cũng vô cùng tốt 😎 https://bestie.vn/2019/11/3-idol-nu-co-vu-dao-dieu-luyen-nhat-seulgi-chung-ha-duoc-xuong-ten",22,22,,,,,,Bình luậ,10156796569375308,/story.php?story_fbid=10156796569375308&id=153464615307,Lưu
DienAnh.Net,,2019-11-18 22:10:57,CÓ NHỮNG CHUYỆN SAU NÀY MỚI DÁM KỂ 😉 https://bestie.vn/2019/11/sao-viet-yeu-don-phuong-nhung-cau-chuyen-tinh-bay-gio-moi-ke,77,76,1,,,,,Bình luậ,10156796571015308,/story.php?story_fbid=10156796571015308&id=153464615307,Lưu
DienAnh.Net,,2019-11-18 21:22:00,"Khi yêu còn gì dại dột hơn là bị ""cắm sừng"" nhưng vẫn cố chấp nhận... :((( Cre: Xin lỗi anh yêu em",58,53,,2,,3,,1 bình luậ,10156796751795308,/story.php?story_fbid=10156796751795308&id=153464615307,Lưu
DienAnh.Net,,2019-11-18 21:10:51,"KHÔNG ""NGẬM THÌA VÀNG"" THÌ NGẬM ""THÌA KIM CƯƠNG"" CŨNG ĐƯỢC 😎 https://www.yan.vn/rich-kid-showbiz-hoa-han-chua-biet-noi-da-giu-tai-san-tram-ty-215495.html",56,55,,1,,,,Bình luậ,10156796572390308,/story.php?story_fbid=10156796572390308&id=153464615307,Lưu
DienAnh.Net,,2019-11-18 20:51:00,"Dừng lại nhanh, đẹp thêm chút nữa là tim tui đứt phanh 😍",87,85,,2,,,,Bình luậ,10156796949230308,/story.php?story_fbid=10156796949230308&id=153464615307,Lưu
DienAnh.Net,,2019-11-18 20:40:46,KHI SAO LỚN CŨNG THẤT NGHIỆP 😅 https://www.dienanh.net/news/khi-dan-sao-hang-dau-cbiz-cung-that-nghiep-huynh-hieu-minh-di-xin-xo-21528.html,14K,13K,146,68,18,102,6,75 bình luậ,10156795942385308,/story.php?story_fbid=10156795942385308&id=153464615307,Lưu
DienAnh.Net,,2019-11-18 20:22:00,"Nói dối cũng là một nghệ thuật, cơ mà cái gì cũng vừa phải thôi kẻo... :)))) Cre: 5S Online","2,5K","2,1K",383,18,2,,2,17 bình luậ,10156796791070308,/story.php?story_fbid=10156796791070308&id=153464615307,Lưu
DienAnh.Net,,2019-11-18 20:10:29,ẢNH CỦA AI KHÁC BIỆT NHẤT? 🤔 https://www.dienanh.net/news/nhan-sac-that-cua-dan-my-nhan-cbiz-trong-dem-bazaar-21547.html,20K,19K,182,364,8,10,4,194 bình luậ,10156796577565308,/story.php?story_fbid=10156796577565308&id=153464615307,Lưu
DienAnh.Net,,2019-11-18 19:40:24,🤔 https://www.dienanh.net/news/song-joong-ki-va-song-hye-kyo-gay-chu-y-voi-dong-thai-moi-21546.html,15K,14K,42,129,9,462,1,82 bình luậ,10156796573805308,/story.php?story_fbid=10156796573805308&id=153464615307,Lưu
DienAnh.Net,,2019-11-18 19:22:47,"Vì công cuộc ""hóa rồng"" thật hoành tráng nên...CỐ LÊN HOÀNG THÙY ƠI 😉  Cre: Road To Miss Universe 2019",200,193,,2,5,,,1 bình luậ,10156796099040308,/story.php?story_fbid=10156796099040308&id=153464615307,Lưu
DienAnh.Net,,2019-11-18 19:00:16,THẲNG HƠN CẢ GIỚI TÍNH 😅 https://www.dienanh.net/news/lee-min-ho-tung-bo-anh-moi-dep-cuon-hut-khoe-goc-nghieng-than-thanh-21545.html,73,69,,4,,,,1 bình luậ,10156796567765308,/story.php?story_fbid=10156796567765308&id=153464615307,Lưu
DienAnh.Net,,2019-11-18 18:40:00,CHẾ ĐỘ GIẢM CÂN CỰC KỲ NGHIÊM KHẮC 😢 https://bestie.vn/2019/11/giam-can-nghiem-khac-nhu-my-nhan-red-velvet-wendy-nhay-day-10000-cai,161,156,,5,,,,Bình luậ,10156796515800308,/story.php?story_fbid=10156796515800308&id=153464615307,Lưu
DienAnh.Net,,2019-11-18 18:10:00,MỖI NGƯỜI MỘT VẺ NHA 🥰 https://bestie.vn/2019/11/do-vay-cuoi-cua-dan-co-dau-vbiz-len-xe-hoa-trong-thang-11,43,42,,1,,,,Bình luậ,10156796515255308,/story.php?story_fbid=10156796515255308&id=153464615307,Lưu
DienAnh.Net,,2019-11-18 17:40:00,PHIM VỪA KẾT THÚC LÀ NHẬN TIẾP PHIM MỚI? 🤔 https://www.dienanh.net/news/ji-chang-wook-xem-xet-dong-drama-moi-hau-melting-me-softly-21544.html,"4,3K","4,2K",11,92,1,27,,22 bình luậ,10156796514015308,/story.php?story_fbid=10156796514015308&id=153464615307,Lưu
DienAnh.Net,,2019-11-18 17:10:03,"LÂU LÂU ""ĐỔI GIÓ"" CŨNG TỐT 😍 https://bestie.vn/2019/11/sao-nu-viet-doi-kieu-toc-dong-nhi-ngoc-lan-an-tuong-voi-toc-ngan",51,49,,2,,,,Bình luậ,10156796401525308,/story.php?story_fbid=10156796401525308&id=153464615307,Lưu
DienAnh.Net,,2019-11-18 16:40:51,Rosé tiếp tục gây sốt với thân hình đẹp khó tin 😯 https://www.yan.vn/rose-lien-tuc-lot-top-tim-kiem-nho-than-hinh-dep-voi-vong-eo-chi-48cm-215483.html,12K,11K,129,754,43,9,1,16 bình luậ,10156795874655308,/story.php?story_fbid=10156795874655308&id=153464615307,Lưu
DienAnh.Net,,2019-11-18 16:10:00,LÂU RỒI MỚI GẶP LẠI 😌 https://www.yan.vn/anh-dao-kinh-van-hoa-tai-xuat-xinh-dep-sau-thoi-gian-vang-bong-215523.html,116,111,,5,,,,Bình luậ,10156796437970308,/story.php?story_fbid=10156796437970308&id=153464615307,Lưu
DienAnh.Net,,2019-11-18 15:40:00,😯 https://www.yan.vn/ro-tin-top-chuan-bi-comeback-netizen-hi-vong-khong-chi-la-loi-don-215501.html,31,30,,1,,,,Bình luậ,10156796434335308,/story.php?story_fbid=10156796434335308&id=153464615307,Lưu
DienAnh.Net,,2019-11-18 15:10:00,CÙNG SOI PHONG CÁCH SAO VIỆT TUẦN QUA NHÉ 😯 https://bestie.vn/2019/11/phong-cach-sao-viet-nghe-si-hoai-linh-bat-ngo-len-do-hang-hieu,82,82,,,,,,Bình luậ,10156796428795308,/story.php?story_fbid=10156796428795308&id=153464615307,Lưu
DienAnh.Net,,2019-11-18 14:40:00,NỖI KHỔ CHỈ CÁC ÔNG CHỒNG MỚI HIỂU 😅 https://www.dienanh.net/news/duong-yen-bau-bi-van-thon-tha-la-tan-cham-vo-lai-tang-can-21543.html,20K,19K,847,343,5,9,1,101 bình luậ,10156796394485308,/story.php?story_fbid=10156796394485308&id=153464615307,Lưu
DienAnh.Net,,2019-11-18 14:10:00,KHÔNG THỂ CƯỠNG LẠI SỨC HÚT CỦA CẶP ĐÔI NHAN SẮC NÀY NHA 😍 https://www.dienanh.net/news/hyun-bin-son-ye-jin-dep-doi-trong-tao-hinh-dau-tien-cua-drama-moi-21542.html,"8,6K","8,3K",21,292,37,1,,68 bình luậ,10156796333610308,/story.php?story_fbid=10156796333610308&id=153464615307,Lưu
DienAnh.Net,,2019-11-18 13:40:00,ĐÔNG NÀY AI DÁM CHƠI TRỘI NÈ? 😍 https://bestie.vn/2019/11/loat-sao-han-me-nhuom-mau-toc-sang-nam-2019-noi-bat-nhat-la-lisa-iu,40,37,,3,,,,Bình luậ,10156796295165308,/story.php?story_fbid=10156796295165308&id=153464615307,Lưu
DienAnh.Net,,2019-11-18 13:10:00,THÍCH QUÁ NHA 😍 https://bestie.vn/2019/11/doi-be-trap-trong-dam-cuoi-cua-bao-thy-moi-nguoi-nhan-13-trieu-dong,34,33,,,1,,,Bình luậ,10156796184225308,/story.php?story_fbid=10156796184225308&id=153464615307,Lưu
DienAnh.Net,,2019-11-18 12:40:00,ĐÁNG YÊU 😍 https://www.dienanh.net/news/cap-sinh-doi-nha-lam-chi-dinh-tro-tai-hoi-hoa-don-tim-netizen-21541.html,1K,1K,5,37,2,,,1 bình luậ,10156796181980308,/story.php?story_fbid=10156796181980308&id=153464615307,Lưu
DienAnh.Net,,2019-11-18 12:22:48,"Một khi đã lọt vào mắt xanh của giáo viên Minh Dự, thì trò Cris có chạy đằng trời cũng không thoát kiếp... trả bài :))))) Cre: Minh Dự Offcial",469,351,112,4,,2,,10 bình luậ,10156796081480308,/story.php?story_fbid=10156796081480308&id=153464615307,Lưu
DienAnh.Net,,2019-11-18 12:10:00,CÔ DÂU XINH ĐẸP 😍🥰 https://bestie.vn/2019/11/hoang-oanh-khoe-vay-cuoi-lung-linh-truoc-them-hon-nhan,51,47,,4,,,,Bình luậ,10156796160770308,/story.php?story_fbid=10156796160770308&id=153464615307,Lưu
DienAnh.Net,,2019-11-18 11:58:05,KHỔ NHẤT LÀ CON CÁI!!,35,35,,,,,,3 bình luậ,10156796167200308,/story.php?story_fbid=10156796167200308&id=153464615307,Lưu
DienAnh.Net,,2019-11-18 11:40:09,TRAI QUÊ NHƯNG CÓ Ý CHÍ PHẤN ĐẤU LẮM NHA 😍 https://www.dienanh.net/news/4-chang-trai-que-thanh-danh-noi-thu-do-hoa-le-cua-showbiz-thai-21530.html,2K,2K,7,23,2,2,,1 bình luậ,10156795940640308,/story.php?story_fbid=10156795940640308&id=153464615307,Lưu
DienAnh.Net,,2019-11-18 11:22:00,Đúng là sức mạnh của đồng tiền 🤣  Phen này chị gái phải mất liêm sỉ rồi đây,119,99,19,1,,,,1 bình luậ,10156795987430308,/story.php?story_fbid=10156795987430308&id=153464615307,Lưu
DienAnh.Net,,2019-11-18 11:00:00,SAO VIỆT HÔM NAY CÓ GÌ HOT? 😯 https://bestie.vn/2019/11/hau-truong-song-ao-cua-ly-nha-ky-mai-phuong-thuy-tha-rong-tao-bao,507,495,7,4,1,,,7 bình luậ,10156796009340308,/story.php?story_fbid=10156796009340308&id=153464615307,Lưu
DienAnh.Net,,2019-11-18 10:40:00,KHÔNG NÓI AI MÀ ĐOÁN NỔI TUỔI THẬT CỦA CHỊ 😍 https://www.dienanh.net/news/lam-chi-linh-len-xe-hoa-o-tuoi-45-xung-danh-de-nhat-my-nhan-dai-loan-21540.html,17K,17K,64,199,20,1,2,51 bình luậ,10156796001005308,/story.php?story_fbid=10156796001005308&id=153464615307,Lưu
"DienAnh.Net,YAN News",YAN News,2019-11-18 10:13:14,"Trong khi Giang ca lại bảo Nhã Phương: ""Em cứ mang đôi giày cao nhất có thể"" 😂",59,54,3,2,,,,1 bình luậ,10156795999335308,/story.php?story_fbid=10156795999335308&id=153464615307,Lưu
DienAnh.Net,,2019-11-18 10:10:17,"Mới thành lập tài khoản gần một năm rưỡi, Lisa đã đạt số lượng người theo dõi ""khủng"" 😎 https://bestie.vn/2019/11/lisa-black-pink-chung-minh-do-hot-cua-minh-bang-luot-follow-khung",57,50,2,5,,,,Bình luậ,10156795885310308,/story.php?story_fbid=10156795885310308&id=153464615307,Lưu
"DienAnh.Net,YAN News",YAN News,2019-11-18 09:20:49,NHÌN MỘT VÒNG TOÀN GÁI ĐẸP 😍SẮP VỀ NHÀ CHỒNG CHƠI LỚN 1 BỮA CÓ GÌ SAI? 😂,18,18,,,,,,Bình luậ,10156795958265308,/story.php?story_fbid=10156795958265308&id=153464615307,Lưu
DienAnh.Net,,2019-11-18 09:40:12,"Bảo Thy lên tiếng khi có ý kiến đánh giá, nhận xét nhan sắc của ông xã 😎 https://bestie.vn/2019/11/bao-thy-nhe-nhang-dap-tra-y-kien-cong-dong-mang-vo-duyen",43,42,,1,,,,Bình luậ,10156795883625308,/story.php?story_fbid=10156795883625308&id=153464615307,Lưu
DienAnh.Net,,2019-11-18 09:20:09,"Gil Lê - Hoàng Thùy Linh bị cộng đồng mạng ""soi"" được đang hẹn hò ở Tokyo 😯 https://www.yan.vn/het-tinh-tu-tren-may-bay-gil-le-hoang-thuy-linh-hen-ho-o-tokyo-215514.html",55,51,4,,,,,1 bình luậ,10156795874255308,/story.php?story_fbid=10156795874255308&id=153464615307,Lưu
"DienAnh.Net,YAN TV",YAN TV,2019-11-18 08:35:20,"TRỜI ƠI HÓNG LẮM 5 THÀNH VIÊN 🤩5 người cùng hội tụ trên sân khấu, liệu còn khoảnh khắc ấy, mong đợi lắm 😭",17,17,,,,,,Bình luậ,10156795865065308,/story.php?story_fbid=10156795865065308&id=153464615307,Lưu
"DienAnh.Net,YAN News",YAN News,2019-11-18 08:31:55,"Đứng sau hào quang của chồng vun vén mọi thứ, nể thật 🤗""Vợ tôi có lần chặt dừa đến đứt một ngón tay cũng chẳng hét lên nửa câu, cứ thế lẳng lặng cầm ngón tay đứt gọi xe ôm đến bệnh viện"" - Hoàng Mập chia sẻ 😢",29,28,,1,,,,Bình luậ,10156795831625308,/story.php?story_fbid=10156795831625308&id=153464615307,Lưu
DienAnh.Net,,2019-11-18 08:40:29,Diva Celine Dion vẫn cảm thấy cô đơn sau gần 4 năm chồng qua đời 😢 https://bestie.vn/2019/11/celine-dion-van-co-don-nho-cam-giac-duoc-om-sau-gan-4-nam-chong-mat,46,44,,1,,1,,1 bình luậ,10156790699340308,/story.php?story_fbid=10156790699340308&id=153464615307,Lưu
DienAnh.Net,,2019-11-18 08:10:59,Ai có thể cân mọi kiểu tóc? 😍 https://bestie.vn/2019/11/sao-han-khi-de-toc-mai-va-khi-khong-irene-taeyeon-van-dep-mien-che,56,52,,4,,,,Bình luậ,10156790375410308,/story.php?story_fbid=10156790375410308&id=153464615307,Lưu
DienAnh.Net,,2019-11-17 23:02:03,"Vở diễn đầu tư quá khủng, mà kiện đến mức này thì cuối cùng sẽ là một cái kết rất... đau. 🙁",18,17,,,1,,,Bình luậ,10156794444275308,/story.php?story_fbid=10156794444275308&id=153464615307,Lưu
DienAnh.Net,,2019-11-17 22:10:01,Nhìn như chị em ruột luôn 😍 https://bestie.vn/2019/11/hoi-chi-dau-em-chong-sao-viet-than-nhau-qua-nen-giong-het-nhau,67,67,,,,,,Bình luậ,10156793823115308,/story.php?story_fbid=10156793823115308&id=153464615307,Lưu
"DienAnh.Net,YAN News",YAN News,2019-11-17 21:10:36,"Có gì bĩnh tĩnh chứ trời ơi căng thế 😐""Triệu Lệ Dĩnh đừng nên tham lam, cô dựa vào cái gì mà đòi các cảnh của bộ phim phải giao hết cho cô?"" - sao gắt thế 😯",23,23,,,,,,2 bình luậ,10156794262265308,/story.php?story_fbid=10156794262265308&id=153464615307,Lưu
DienAnh.Net,,2019-11-17 21:22:01,Ông chồng của năm là đây :v Người gì tâm lý quá trời quá đất <3,135,120,13,2,,,,Bình luậ,10156794141930308,/story.php?story_fbid=10156794141930308&id=153464615307,Lưu
DienAnh.Net,,2019-11-17 21:00:22,Vai nào cũng ấn tượng cả 😎 https://www.dienanh.net/news/nhung-vai-dien-de-doi-cua-cac-nam-than-han-tung-bao-lan-bi-tu-choi-21520.html,184,183,,1,,,,Bình luậ,10156793798000308,/story.php?story_fbid=10156793798000308&id=153464615307,Lưu
DienAnh.Net,,2019-11-17 20:25:36,Làm việc thì không lo suốt ngày đấu với chả tranh :v,847,734,96,15,,2,,7 bình luậ,10156794055270308,/story.php?story_fbid=10156794055270308&id=153464615307,Lưu
DienAnh.Net,,2019-11-17 20:10:30,NÓI MỚI ĐỂ Ý NHA 🤔 https://www.dienanh.net/news/nhung-cap-my-nhan-cbiz-trung-mat-nhung-khong-trung-menh-21537.html,19K,19K,267,164,38,12,4,140 bình luậ,10156793787760308,/story.php?story_fbid=10156793787760308&id=153464615307,Lưu
DienAnh.Net,,2019-11-17 19:22:46,"Chàng trai ""phát nôn"" vì biết chiếc xe đang chở mình là xe chở heo 🤣 Không biết cậu này sẽ trụ được bao lâu đây :v",94,83,7,3,1,,,Bình luậ,10156767813630308,/story.php?story_fbid=10156767813630308&id=153464615307,Lưu
DienAnh.Net,,2019-11-17 19:00:19,BẠN MONG CHỜ MÀN TÁI HỢP NÀO NHẤT NÈ? 😍 https://www.dienanh.net/news/10-cap-doi-thai-tai-hop-tren-man-anh-nam-2020-khien-fan-trong-ngong-21510.html,"2,4K","2,4K",6,55,2,,,38 bình luậ,10156790676460308,/story.php?story_fbid=10156790676460308&id=153464615307,Lưu
DienAnh.Net,,2019-11-17 18:10:54,TỰ TIN KHOE MẶT MỘC NÀO 😍 https://bestie.vn/2019/11/my-nhan-viet-de-mat-moc-o-san-bay-lan-ngoc-bao-anh-van-dep-xuat-sac,131,129,,2,,,,Bình luậ,10156793553120308,/story.php?story_fbid=10156793553120308&id=153464615307,Lưu
DienAnh.Net,,2019-11-17 17:10:13,Họ hoàn toàn xứng đáng với suất debut bổ sung sau đấy chứ không chỉ dựa vào ăn may (y) https://www.yan.vn/cung-so-phan-nguoi-den-sau-yeri-hara-phai-no-luc-de-duoc-chap-nhan-215175.html,55,54,,1,,,,Bình luậ,10156786864530308,/story.php?story_fbid=10156786864530308&id=153464615307,Lưu
DienAnh.Net,,2019-11-17 16:10:31,Mãi hạnh phúc nhé chị 😘 https://bestie.vn/2019/11/lam-chi-linh-dien-do-co-dau-cung-chong-luyen-tap-truoc-dam-cuoi,57,57,,,,,,1 bình luậ,10156793338735308,/story.php?story_fbid=10156793338735308&id=153464615307,Lưu
DienAnh.Net,,2019-11-17 15:22:55,Gái ơi em cà khịa còn phèn lắm :))) Xem cô giáo BB Trần ra tay nè 🤣  Cre: Minh Dự Official,"2,4K","1,7K",598,44,2,3,,38 bình luậ,10156793450720308,/story.php?story_fbid=10156793450720308&id=153464615307,Lưu
DienAnh.Net,,2019-11-17 15:10:21,Sao Việt hôm nay có gì hot? 😮 https://bestie.vn/2019/11/ngoc-lan-go-anh-avatar-hanh-phuc-han-sara-selfie-cung-daesung,126,124,1,1,,,,Bình luậ,10156793242300308,/story.php?story_fbid=10156793242300308&id=153464615307,Lưu
"DienAnh.Net,YAN News",YAN News,2019-11-17 14:14:46,NHẬT KIM ANH DIỄN ĐẠT KHỎI BÀN RỒI! 😍NHÌN NHẬT KIM ANH BƠ PHỜ THẤY RÕ @@,13,13,,,,,,Bình luậ,10156793437005308,/story.php?story_fbid=10156793437005308&id=153464615307,Lưu
DienAnh.Net,,2019-11-17 14:10:00,MỚI ĐÓ ĐÃ 15 NĂM 😢 https://bestie.vn/2019/11/dan-sao-tuyet-dinh-kungfu-sau-15-nam-huynh-thanh-y-lam-tieu-tam,71,71,,,,,,Bình luậ,10156790703025308,/story.php?story_fbid=10156790703025308&id=153464615307,Lưu
DienAnh.Net,,2019-11-17 13:10:27,MỢ MÀ LỊ 😎 https://bestie.vn/2019/11/jun-ji-hyun-tro-thanh-con-dau-gia-toc-tai-phiet-quyen-the-han-quoc,137,131,1,5,,,,1 bình luậ,10156790695365308,/story.php?story_fbid=10156790695365308&id=153464615307,Lưu
"DienAnh.Net,YAN News",YAN News,2019-11-17 12:35:17,AI CŨNG CHỌN MÀU TRẮNG NHỈ!!,58,57,,1,,,,Bình luậ,10156793316635308,/story.php?story_fbid=10156793316635308&id=153464615307,Lưu
DienAnh.Net,,2019-11-17 12:10:13,Mỗi người một vẻ 😍 https://www.yan.vn/man-do-sac-cuc-gat-cua-3-ba-me-bim-sua-hot-nhat-cbiz-tai-su-kien-215421.html,313,304,2,6,,,1,Bình luậ,10156792704345308,/story.php?story_fbid=10156792704345308&id=153464615307,Lưu
DienAnh.Net,,2019-11-17 11:22:00,"Còn gì xót xa hơn ba chữ ""NGƯỜI YÊU CŨ""....",41,37,1,3,,,,1 bình luậ,10156792182490308,/story.php?story_fbid=10156792182490308&id=153464615307,Lưu
DienAnh.Net,,2019-11-17 11:11:39,"Tự dưng nữ phụ có nhiều cảnh với nam chính hơn, ủa là sao? @@",15K,14K,276,111,20,18,27,199 bình luậ,10156793173680308,/story.php?story_fbid=10156793173680308&id=153464615307,Lưu
DienAnh.Net,,2019-11-17 11:00:00,GHEN TỴ CHƯA 😍 https://bestie.vn/2019/11/choang-voi-cua-hoi-mon-cua-sao-viet-khi-ve-nha-chong,13,13,,,,,,Bình luậ,10156790694030308,/story.php?story_fbid=10156790694030308&id=153464615307,Lưu
"DienAnh.Net,YAN News",YAN News,2019-11-17 10:45:12,CÔ DÂU CHÚ RỂ ĐỨNG TRÊN BỤC CẢ LUÔN 😆,40,39,,1,,,,Bình luậ,10156793144630308,/story.php?story_fbid=10156793144630308&id=153464615307,Lưu
DienAnh.Net,,2019-11-17 10:10:00,"A XÌN THIẾU ""NGHỊ LỰC"" ĐẾN VẬY LUÔN SAO TA?? 😅 https://bestie.vn/2019/11/hari-won-chi-mot-cai-hon-va-nu-cuoi-toi-da-cua-do-tran-thanh",183,170,7,6,,,,2 bình luậ,10156790697640308,/story.php?story_fbid=10156790697640308&id=153464615307,Lưu
DienAnh.Net,,2019-11-17 09:10:00,Cô nàng vui vẻ ăn uống bên những người bạn của mình và không cần giữ hình tượng 😅 https://bestie.vn/2019/11/may-ai-duoc-nhu-selena-gomez-dang-anh-tu-dim-ma-duoc-fan-khen-nuc-no,91,88,,3,,,,Bình luậ,10156790691500308,/story.php?story_fbid=10156790691500308&id=153464615307,Lưu
DienAnh.Net,,2019-11-17 08:40:28,Nhìn mà thèm 😆 https://bestie.vn/2019/11/thuc-don-cuc-dat-do-trong-dam-cuoi-cua-bao-thy,36,35,,1,,,,1 bình luậ,10156792683260308,/story.php?story_fbid=10156792683260308&id=153464615307,Lưu
DienAnh.Net,,2019-11-17 08:10:33,Tình bạn bền lâu không phô trương ☺ https://bestie.vn/2019/11/hoi-ban-than-nhieu-nam-trong-hon-le-kin-tieng-cua-cong-chua-bao-thy,111,111,,,,,,Bình luậ,10156792665825308,/story.php?story_fbid=10156792665825308&id=153464615307,Lưu
DienAnh.Net,,2019-11-16 22:10:00,"""DÃ MAN"" CHƯA 😅 https://www.dienanh.net/news/hau-truong-canh-tra-tan-hai-huoc-trong-phim-hoa-ngu-21517.html","6,3K","6,1K",196,37,10,4,1,10 bình luậ,10156790674830308,/story.php?story_fbid=10156790674830308&id=153464615307,Lưu
DienAnh.Net,,2019-11-16 21:22:00,"Mẫu chồng khiến các chị em ""rụng trứng"" đây rồi :)))",149,135,13,1,,,,8 bình luậ,10156790616650308,/story.php?story_fbid=10156790616650308&id=153464615307,Lưu
DienAnh.Net,,2019-11-16 21:00:00,NHÌN PHÁT MÊ NGAY 😍 https://www.dienanh.net/news/5-trai-dep-han-mang-ve-quyen-ru-ma-mi-cang-ngam-cang-me-21502.html,48,47,,1,,,,Bình luậ,10156790677315308,/story.php?story_fbid=10156790677315308&id=153464615307,Lưu
DienAnh.Net,,2019-11-16 20:10:00,HÓNG TỪNG NGÀY 😍 https://www.dienanh.net/news/nhung-bo-phim-co-trang-cbiz-chua-chieu-da-hot-co-phim-duong-tu-21518.html,"6,4K","6,3K",29,151,1,,1,82 bình luậ,10156790673840308,/story.php?story_fbid=10156790673840308&id=153464615307,Lưu
DienAnh.Net,,2019-11-16 19:22:00,"Tưởng có cặp ""bách hợp"" ""đam mỹ"" mới, khiến ai nấy đều rần rần =)))) Nhưng thực hư ra sao thì sếp cũng phải tóa hỏa 😱","1,1K",963,198,8,,2,1,9 bình luậ,10156790675920308,/story.php?story_fbid=10156790675920308&id=153464615307,Lưu
"DienAnh.Net,YAN TV",YAN TV,2019-11-16 18:13:22,Gieo nhân nào thì gặp quả nấy 😞CÓ THÍCH ĐÁNG KHÔNG CÁC BẠN? 😥,27,27,,,,,,Bình luậ,10156790816195308,/story.php?story_fbid=10156790816195308&id=153464615307,Lưu
DienAnh.Net,,2019-11-16 19:00:34,VẪN NGƯỢNG NHƯ THƯỜNG 😅 https://www.dienanh.net/news/jang-na-ra-lee-sang-yoon-nguong-chin-mat-vi-quay-canh-hon-dam-duoi-21539.html,"1,9K","1,9K",33,14,1,,,15 bình luậ,10156790671390308,/story.php?story_fbid=10156790671390308&id=153464615307,Lưu
"DienAnh.Net,YAN News",YAN News,2019-11-16 18:16:10,"Cuộc đời ""Thị Bình"" sóng gió nhỉ? 😥Ai đúng ai sai đây, trong chăn mới biết chăn có rận? 😔",10,10,,,,,,2 bình luậ,10156790809605308,/story.php?story_fbid=10156790809605308&id=153464615307,Lưu
DienAnh.Net,,2019-11-16 18:00:00,Nữ ca sĩ khẳng định muốn đám cưới diễn ra riêng tư nhất và không muốn bị đem ra bàn tán 🤔 https://bestie.vn/2019/11/truoc-gio-dam-cuoi-bao-thy-nhan-nhu-khong-co-nhu-cau-drama,50,47,1,2,,,,Bình luậ,10156790689405308,/story.php?story_fbid=10156790689405308&id=153464615307,Lưu
"DienAnh.Net,YAN TV",YAN TV,2019-11-16 17:24:40,Ghen tị quá trời ơi 🤩Trời ơi tui muốn là người được ngồi cạnh oppa trong khung hình đó 😭,33,30,,3,,,,Bình luậ,10156790692425308,/story.php?story_fbid=10156790692425308&id=153464615307,Lưu
DienAnh.Net,,2019-11-16 17:10:47,😍 https://bestie.vn/2019/11/hanh-trinh-nhan-sac-cua-selena-gomez-dinh-cao-la-nhan-sac-hien-tai,42,42,,,,,,Bình luậ,10156790380680308,/story.php?story_fbid=10156790380680308&id=153464615307,Lưu
"DienAnh.Net,YAN TV",YAN TV,2019-11-16 16:47:56,"Cuộc sống mơ ước của nhiều người đây rồi 😍Ở tuổi 40, Jun Ji Hyun có trong tay tất cả từ tài sản, nhan sắc, người chồng tuyệt vời và gia đình êm ấm với hai đứa con xinh đẹp 🤩",31,29,,2,,,,Bình luậ,10156790609435308,/story.php?story_fbid=10156790609435308&id=153464615307,Lưu
DienAnh.Net,,2019-11-16 16:10:59,HẠNH PHÚC ĐƠN GIẢN LẮM 😘 https://bestie.vn/2019/11/hon-nhan-cua-nu-hoang-lee-hyori-hanh-phuc-chi-don-gian-den-the,46,45,,1,,,,Bình luậ,10156790299600308,/story.php?story_fbid=10156790299600308&id=153464615307,Lưu
DienAnh.Net,,2019-11-16 15:10:44,SAO VIỆT HÔM NAY CÓ GÌ HOT? 😯 https://bestie.vn/2019/11/trinh-thang-binh-ong-thoai-lien-dep-doi-vuong-khang-hoi-ngo-bao-thy,67,65,,2,,,,Bình luậ,10156790294565308,/story.php?story_fbid=10156790294565308&id=153464615307,Lưu
DienAnh.Net,,2019-11-16 14:10:20,Hãy cùng học hỏi và “bỏ túi” các công thức mix đồ với chân váy ngắn để luôn khoe được lợi thế cơ thể nhé 😍 https://bestie.vn/2019/11/dien-chan-vay-ngan-ton-dang-nhu-rose-iu-bo-doi-vaycroptop-la-so-1,76,69,,7,,,,Bình luậ,10156786898365308,/story.php?story_fbid=10156786898365308&id=153464615307,Lưu
"DienAnh.Net,YAN News",YAN News,2019-11-16 13:25:19,MIỆNG LƯỠI THIÊN HẠ @@Ngày vui của người ta mà chê bai chồng và bạn bè người ta chi vậy? @@,15,15,,,,,,Bình luậ,10156790324995308,/story.php?story_fbid=10156790324995308&id=153464615307,Lưu
DienAnh.Net,,2019-11-16 13:10:49,Các sao đã làm gì để giữ cho mình vẻ tươi trẻ khi xuất hiện trước công chúng? 😍 https://bestie.vn/2019/11/sao-han-duong-da-yoona-dung-serum-sandara-park-cap-nuoc-cho-co-the,56,52,,4,,,,Bình luậ,10156786879975308,/story.php?story_fbid=10156786879975308&id=153464615307,Lưu
"DienAnh.Net,YAN News",YAN News,2019-11-16 12:52:39,HÂN HOA HẬU ĐÃ THAY ĐỔI RỒI MỌI NGƯỜI Ạ :))))Hân Hoa hậu sau khi trả hết nợ nhìn quá khác xưa 😂,41,40,,1,,,,Bình luậ,10156790259710308,/story.php?story_fbid=10156790259710308&id=153464615307,Lưu
DienAnh.Net,,2019-11-16 12:22:10,"Thanh niên ""gia trưởng"" vớ phải ""gái bao"" 🙂  Dzừa lắm anh trai  😏",132,117,13,2,,,,14 bình luậ,10156789993400308,/story.php?story_fbid=10156789993400308&id=153464615307,Lưu
DienAnh.Net,,2019-11-16 12:10:39,😊 https://www.yan.vn/cac-nu-idol-xinh-dep-nho-so-huu-doi-ma-phung-phinh-cuc-yeu-215213.html,39,38,,1,,,,1 bình luậ,10156786873465308,/story.php?story_fbid=10156786873465308&id=153464615307,Lưu
DienAnh.Net,,2019-11-16 11:22:00,NỂ NHẤT LÀ MẤY NGƯỜI ĂN ĐƯỢC SẦU RIÊNG LUÔN Á 😭  Phen này thì khỏi yêu đương gì nữa nha,34,30,2,,,2,,1 bình luậ,10156787359110308,/story.php?story_fbid=10156787359110308&id=153464615307,Lưu
"DienAnh.Net,YAN News",YAN News,2019-11-16 11:07:24,CÓ ÔNG ANH TRAI ĐÁNG ĐỒNG TIỀN BÁT GẠO GHÊ 😆Còn anh trai nhà bạn thì sao? 😂,90,87,,3,,,,1 bình luậ,10156790109140308,/story.php?story_fbid=10156790109140308&id=153464615307,Lưu
DienAnh.Net,,2019-11-16 11:00:28,Chưa hết năm 2019 mà showbiz Việt đã có nhiều cặp đôi nghệ sĩ công khai chuyện “đổ vỡ” hôn nhân 😢 https://bestie.vn/2019/11/4-vu-ly-hon-cua-vo-chong-sao-viet-gay-nhieu-tiec-nuoi-trong-nam-2019,44,42,2,,,,,2 bình luậ,10156787190015308,/story.php?story_fbid=10156787190015308&id=153464615307,Lưu
DienAnh.Net,,2019-11-16 10:10:18,"Thần thái vô cùng thu hút, Seulgi liên tục được mời tham dự nhiều sự kiện thời trang 😍 https://bestie.vn/2019/11/seulgi-red-velvet-cao-thu-phoi-do-dep-khi-du-su-kien",35,35,,,,,,Bình luậ,10156787427485308,/story.php?story_fbid=10156787427485308&id=153464615307,Lưu
DienAnh.Net,,2019-11-16 09:10:07,"Nancy có thân hình đầy đặn, quyến rũ, có thể ""cân"" được những mẫu trang phục ôm sát người 😎😍 https://www.yan.vn/voc-dang-hoan-hao-cua-nancy-ma-bay-lau-nay-hiem-co-nguoi-nhan-ra-215224.html",15K,14K,438,286,11,37,12,160 bình luậ,10156786867980308,/story.php?story_fbid=10156786867980308&id=153464615307,Lưu
"DienAnh.Net,YAN News",YAN News,2019-11-16 08:17:50,"ỦA, PHẢI ""BÉ BỈNH"" ĐÓ KHÔNG? NGẦU QUÁ 😝""BÉ BỈNH"" NGẦU HÚ HỒN BÀ CON EI 😝",13,13,,,,,,Bình luậ,10156789776465308,/story.php?story_fbid=10156789776465308&id=153464615307,Lưu
DienAnh.Net,,2019-11-16 08:10:57,"Mới xuất ngũ không lâu, G-Dragon lại khiến cộng đồng mạng dậy sóng với bộ trang phục ""khác thường"" 😆 https://bestie.vn/2019/11/gout-thoi-trang-cua-g-dragon-doc-dao-la-mat-du-co-kho-hieu",47,40,5,2,,,,1 bình luậ,10156786861035308,/story.php?story_fbid=10156786861035308&id=153464615307,Lưu
DienAnh.Net,,2019-11-15 22:22:00,Hóa ra khi đàn ông làm mẹ cũng chu đáo phết 😂 Anh em xem mà học hỏi nè 😌,908,773,121,11,2,1,,9 bình luậ,10156788131035308,/story.php?story_fbid=10156788131035308&id=153464615307,Lưu
DienAnh.Net,,2019-11-15 22:10:07,🤔 https://bestie.vn/2019/11/chuyen-tinh-cua-vu-ha-va-nguoi-vo-lon-tuoi-khien-anh-bi-cam-song,51,45,4,2,,,,Bình luậ,10156784288215308,/story.php?story_fbid=10156784288215308&id=153464615307,Lưu
"DienAnh.Net,YAN News",YAN News,2019-11-15 21:48:35,"Lão hoá ngược là có thật 😍Thời gian bỏ quên Triệu Nhã Chi rồi hả ta, vẫn còn tươi lắm 😍",13,13,,,,,,Bình luậ,10156788121755308,/story.php?story_fbid=10156788121755308&id=153464615307,Lưu
"DienAnh.Net,YAN TV",YAN TV,2019-11-15 20:35:13,Đại gia là đây chứ đâu nữa 👍Mua sương sương cho có chỗ tập thể dục đồ chơi thôi 😝,44,43,1,,,,,1 bình luậ,10156788037980308,/story.php?story_fbid=10156788037980308&id=153464615307,Lưu
DienAnh.Net,,2019-11-15 21:22:00,"Trong những lúc khó khăn nhất, những người bên bạn lúc ấy chính là những người tốt với bạn nhất! Hãy trân trọng họ nhé (y)",68,66,,2,,,,Bình luậ,10156787186410308,/story.php?story_fbid=10156787186410308&id=153464615307,Lưu
DienAnh.Net,,2019-11-15 21:00:25,"Ai cũng đầu tư, chuẩn bị vô cùng kỹ lưỡng cho ngày trọng đại của mình 😍 https://bestie.vn/2019/11/khong-gian-tiec-cuoi-dep-nhu-mo-cua-dan-sao-vbiz-2019",68,64,,4,,,,Bình luậ,10156786762850308,/story.php?story_fbid=10156786762850308&id=153464615307,Lưu
DienAnh.Net,,2019-11-15 20:40:17,"Dưới đây là 3 loại thực phẩm rẻ và phổ biến được các sao Hàn thường xuyên ""lăng xê"" 😯 https://bestie.vn/2019/11/sao-han-giu-dang-kim-tae-hee-dung-chuoi-iu-suzy-an-khoai-de-ep-can",43,41,,2,,,,Bình luậ,10156784396950308,/story.php?story_fbid=10156784396950308&id=153464615307,Lưu
DienAnh.Net,,2019-11-15 20:10:29,Đỉnh cao nhan sắc khi chỉ để mặt mộc của Suzy và nhiều sao nữ khác khiến netizen cũng phải bất ngờ 😯 https://bestie.vn/2019/11/dang-cap-mat-moc-cua-sao-suzy-van-dinh-idol-the-he-moi-cung-xuat-sac,37,35,,2,,,,Bình luậ,10156784288905308,/story.php?story_fbid=10156784288905308&id=153464615307,Lưu
DienAnh.Net,,2019-11-15 19:40:14,VÀ HỌ ĐÃ LÀM ĐƯỢC 😎 https://bestie.vn/2019/11/nhung-nam-than-tuong-pha-vo-dinh-kien-idol-khong-the-dong-phim,49,48,,1,,,,1 bình luậ,10156786859495308,/story.php?story_fbid=10156786859495308&id=153464615307,Lưu
DienAnh.Net,,2019-11-15 19:10:06,"Không chỉ xứng đôi về sự tài giỏi, Bảo Thy và chồng đều sở hữu khối tài sản lớn khiến nhiều người ao ước 😍 https://bestie.vn/2019/11/khoi-tai-san-bac-ty-cua-bao-thy-va-chong-khi-ve-chung-1-nha",57,53,,4,,,,Bình luậ,10156787428380308,/story.php?story_fbid=10156787428380308&id=153464615307,Lưu
DienAnh.Net,,2019-11-15 18:40:05,"Mỗi người một vẻ, khiến fans khó lòng chọn ra ai đẹp hơn ai 😍 https://bestie.vn/2019/11/cuoc-dung-do-giua-3-my-nhan-big-3-kpop-moi-nguoi-mot-ve",50,49,,1,,,,Bình luậ,10156786877735308,/story.php?story_fbid=10156786877735308&id=153464615307,Lưu
DienAnh.Net,,2019-11-15 18:10:56,"Quả là ""một chiếc váy, nhiều số phận"" 😅 https://bestie.vn/2019/11/so-ke-nhan-sac-cac-nguoi-dep-a-au-trong-kieu-vay-do-quoc-dan",379,374,,5,,,,5 bình luậ,10156787212500308,/story.php?story_fbid=10156787212500308&id=153464615307,Lưu
DienAnh.Net,,2019-11-15 17:40:00,😍 https://www.dienanh.net/news/lee-na-young-park-seo-joon-jung-hae-in-cung-du-su-kien-tu-thien-21536.html,346,340,1,5,,,,Bình luậ,10156787383550308,/story.php?story_fbid=10156787383550308&id=153464615307,Lưu
DienAnh.Net,,2019-11-15 17:10:00,"Bảo Thy lần đầu đăng ảnh hạnh phúc bên chồng doanh nhân và không quên chia sẻ về cảm xúc sau khi chính thức trở thành ""vợ người ta"" 🥰 https://bestie.vn/2019/11/bao-thy-lan-dau-dang-anh-hanh-phuc-ben-chong-trong-le-cuoi-o-nha-tho",43,41,1,1,,,,Bình luậ,10156787431205308,/story.php?story_fbid=10156787431205308&id=153464615307,Lưu
DienAnh.Net,,2019-11-15 16:40:00,CÁC BẠN THẤY CẶP NÀY THẾ NÀO? 😯 https://www.dienanh.net/news/joo-won-tai-xuat-man-anh-nho-voi-drama-moi-dong-cap-kim-hee-sun-21538.html,191,188,,3,,,,Bình luậ,10156787394275308,/story.php?story_fbid=10156787394275308&id=153464615307,Lưu
DienAnh.Net,,2019-11-15 16:10:00,YG lại “chọc giận” fan của BLACKPINK 😕 https://bestie.vn/2019/11/fan-keu-goi-blackpink-roi-yg-vi-bi-doi-xu-bat-cong,29,29,,,,,,Bình luậ,10156787190775308,/story.php?story_fbid=10156787190775308&id=153464615307,Lưu
DienAnh.Net,,2019-11-15 15:40:34,Nữ ca sĩ Bảo Thy khiến nhiều người phải ngưỡng mộ vì khối tài sản lớn của mình trước khi về chung nhà với đại gia 😎 https://bestie.vn/2019/11/khoi-tai-san-khong-phai-dang-vua-cua-bao-thy-truoc-khi-cuoi-dai-gia,42,40,,2,,,,Bình luậ,10156784361065308,/story.php?story_fbid=10156784361065308&id=153464615307,Lưu
DienAnh.Net,,2019-11-15 15:37:08,CUỘC LI HÔN ỒN ÀO KIA KHÔNG BIẾT CÓ ẢNH HƯỞNG ĐẾN BỘ PHIM KHÔNG NHỈ? :(,23,23,,,,,,1 bình luậ,10156787320305308,/story.php?story_fbid=10156787320305308&id=153464615307,Lưu
"DienAnh.Net,YAN News",YAN News,2019-11-10 12:47:13,"Ai cũng tưởng Ngọc với ST nhưng sai rồi nhé!!Tùng không nói, Trâm không nói nhưng ai cũng biết 🙈",32,31,1,,,,,1 bình luậ,10156787290550308,/story.php?story_fbid=10156787290550308&id=153464615307,Lưu
DienAnh.Net,,2019-11-15 15:10:00,Nữ ca sĩ đã được hai bên gia đình tặng rất nhiều của hồi môn trong ngày trọng đại 😍 https://www.yan.vn/can-canh-trang-suc-hoanh-trang-cua-bao-thy-trong-le-ruoc-dau-215292.html,134,129,1,3,1,,,2 bình luậ,10156787181420308,/story.php?story_fbid=10156787181420308&id=153464615307,Lưu
"DienAnh.Net,YAN News",YAN News,2019-11-15 14:42:54,CÔNG CHÚA ĐỜI THẬT ❤️,62,61,,1,,,,Bình luậ,10156787238665308,/story.php?story_fbid=10156787238665308&id=153464615307,Lưu
DienAnh.Net,,2019-11-15 14:40:00,SAO VIỆT HÔM NAY CÓ GÌ HOT? 😍 https://bestie.vn/2019/11/truong-giang-tu-pha-nuoc-cho-vo-hoai-linh-lan-dau-dien-ca-cay-do-hieu,27,26,,1,,,,Bình luậ,10156786768145308,/story.php?story_fbid=10156786768145308&id=153464615307,Lưu
DienAnh.Net,,2019-11-15 14:10:00,TRỒI SỤT THẤT THƯỜNG QUÁ 🤔 https://www.dienanh.net/news/rating-khi-hoa-tra-no-cua-gong-hyo-jin-giam-manh-o-tap-14-21534.html,651,647,,2,,2,,1 bình luậ,10156787140600308,/story.php?story_fbid=10156787140600308&id=153464615307,Lưu
DienAnh.Net,,2019-11-15 13:40:15,GHEN TỴ QUÁ 😍 https://www.dienanh.net/news/lam-y-than-bat-ngo-lo-dien-voi-nhan-sac-nhu-gai-doi-muoi-21535.html,"6,6K","6,4K",16,172,5,,,45 bình luậ,10156787127595308,/story.php?story_fbid=10156787127595308&id=153464615307,Lưu
DienAnh.Net,,2019-11-15 13:15:38,"Cư dân mạng nhất trí trao danh xưng ""thánh lầy"" showbiz Việt cho Ninh Dương Lan Ngọc 😅😂 https://bestie.vn/2019/11/thanh-lay-moi-cua-showbiz-viet-goi-ten-ngoc-nu-ninh-duong-lan-ngoc",85,80,5,,,,,Bình luậ,10156786763600308,/story.php?story_fbid=10156786763600308&id=153464615307,Lưu
DienAnh.Net,,2019-11-15 12:40:00,"CŨNG KHÔNG MUỐN ""KHẨU NGHIỆP"" ĐÂU, NHƯNG... :V https://www.dienanh.net/news/ly-tieu-lo-dang-bai-ke-kho-hau-ly-hon-cu-dan-mang-khau-nghiep-21532.html","5,2K","4,8K",227,21,3,7,129,317 bình luậ,10156786854255308,/story.php?story_fbid=10156786854255308&id=153464615307,Lưu
DienAnh.Net,,2019-11-15 12:10:00,🤔 https://www.dienanh.net/news/trieu-le-dinh-da-noi-gian-vi-kich-ban-huu-phi-bi-chinh-sua-nat-bay-21533.html,"8,7K","8,4K",70,117,9,99,8,121 bình luậ,10156786856165308,/story.php?story_fbid=10156786856165308&id=153464615307,Lưu
DienAnh.Net,,2019-11-15 11:40:00,KHÔNG BIẾT NÊN CÓ PHẢN ỨNG GÌ 😕 https://www.dienanh.net/news/gia-nai-luong-ly-tieu-lo-xac-nhan-duong-ai-nay-di-21531.html,"5,7K","5,5K",104,64,4,12,2,213 bình luậ,10156786853425308,/story.php?story_fbid=10156786853425308&id=153464615307,Lưu
DienAnh.Net,,2019-11-15 11:22:00,Quen mấy đứa hở chút là sĩ diện cũng mợt thiệc :v  Cre: Mùa hè của hồ ly,114,103,9,2,,,,Bình luậ,10156784507120308,/story.php?story_fbid=10156784507120308&id=153464615307,Lưu
DienAnh.Net,,2019-11-15 11:00:00,"Nữ ca sĩ diện váy trắng lộng lẫy, đứng đọc kinh thánh trước sự chứng kiến của các khách mời hai bên gia đình 🥰 https://www.yan.vn/bao-thy-nghiem-tuc-doc-tuyen-the-trong-nghi-thuc-le-cuoi-o-nha-tho-215254.html",126,121,1,4,,,,6 bình luậ,10156786804665308,/story.php?story_fbid=10156786804665308&id=153464615307,Lưu
DienAnh.Net,,2019-11-15 10:40:00,Trường Giang vẫn liên tục chăm sóc Nhã Phương như bà hoàng 😍 https://bestie.vn/2019/11/nguong-mo-hinh-anh-truong-giang-pha-chanh-xi-muoi-cho-nha-phuong,46,46,,,,,,Bình luậ,10156786766665308,/story.php?story_fbid=10156786766665308&id=153464615307,Lưu
"DienAnh.Net,YAN News",YAN News,2019-11-15 10:13:53,PHẢI THẬT HẠNH PHÚC NHÉ CHỊ ❤️,15,14,,1,,,,Bình luậ,10156786796815308,/story.php?story_fbid=10156786796815308&id=153464615307,Lưu
DienAnh.Net,,2019-11-15 10:10:17,😍 https://bestie.vn/2019/11/vuon-hoa-nha-sm-yoona-sehun-so-huu-nhan-sac-cuc-pham,47,43,,4,,,,Bình luậ,10156784290745308,/story.php?story_fbid=10156784290745308&id=153464615307,Lưu
DienAnh.Net,,2019-11-15 09:40:00,Dàn khách mời showbiz cũng chỉ có duy nhất 5 nghệ sĩ được mời 🤔 https://bestie.vn/2019/11/he-lo-danh-sach-5-khach-moi-nghe-si-duy-nhat-trong-dam-cuoi-bao-thy,230,227,,3,,,,Bình luậ,10156786659120308,/story.php?story_fbid=10156786659120308&id=153464615307,Lưu
"DienAnh.Net,YAN News",YAN News,2019-11-15 09:25:07,CÔ DÂU ĐẸP NHẤT HÔM NAY ĐÂY RỒI 😆,24,23,,1,,,,Bình luậ,10156786656755308,/story.php?story_fbid=10156786656755308&id=153464615307,Lưu
DienAnh.Net,,2019-11-15 09:10:10,"Ở độ tuổi 40, nữ minh tinh khiến nhiều người khâm phục trước lối sống tự chủ, độc lập và vô cùng mạnh mẽ 😍 https://bestie.vn/2019/11/cuoc-song-vien-man-hanh-phuc-cua-nang-dieu-thuyen-tran-hao",43,41,,2,,,,1 bình luậ,10156784368920308,/story.php?story_fbid=10156784368920308&id=153464615307,Lưu
DienAnh.Net,,2019-11-15 08:40:04,Họ không chỉ tài năng mà còn sở hữu ngoại hình vô cùng xinh đẹp. Đáng kể đến nhất là 3 nhóm bạn thân dưới đây 😎 https://bestie.vn/2019/11/hoi-ban-quyen-luc-nhat-nhi-hollywood-nhom-taylor-swift-toan-my-nhan,23,23,,,,,,Bình luậ,10156784394150308,/story.php?story_fbid=10156784394150308&id=153464615307,Lưu
"DienAnh.Net,YAN News",YAN News,2019-11-15 08:11:37,"Chiêu trò quá ai chơi lại 😯Minh nạp thêm người phụ nữ thứ 4 vào danh sách lợi dụng, cao tay quá 😯",11,11,,,,,,Bình luậ,10156786459410308,/story.php?story_fbid=10156786459410308&id=153464615307,Lưu
DienAnh.Net,,2019-11-15 08:10:56,CUỘC SỐNG CỦA AI CŨNG VIÊN MÃN 😍 https://bestie.vn/2019/11/cuoc-song-cua-cac-my-nhan-mien-tay-dinh-dam-trong-showbiz-viet,12,11,,1,,,,Bình luậ,10156784365060308,/story.php?story_fbid=10156784365060308&id=153464615307,Lưu
DienAnh.Net,,2019-11-14 22:10:48,"Từ cậu bé, cô bé sau 18 năm đã có những thay đổi đáng kể 😯 https://www.yan.vn/diem-mat-dan-dien-vien-harry-potter-sau-18-nam-215162.html",65,63,,2,,,,Bình luậ,10156784389140308,/story.php?story_fbid=10156784389140308&id=153464615307,Lưu
DienAnh.Net,,2019-11-14 21:22:00,"Khi bạn giàu có bạn có tất cả, khi bạn nghèo ngay cả bạn cũng chẳng thể có 🙂",88,86,,,,2,,Bình luậ,10156781572745308,/story.php?story_fbid=10156781572745308&id=153464615307,Lưu
DienAnh.Net,,2019-11-14 21:00:00,QUÁ KHỔ 😢 https://www.dienanh.net/news/doi-buon-cua-de-nhat-my-nhan-co-trang-trung-quoc-ly-kien-quan-21521.html,38,33,,,,5,,Bình luậ,10156784408690308,/story.php?story_fbid=10156784408690308&id=153464615307,Lưu
DienAnh.Net,,2019-11-14 20:10:23,THÊM 1 NỮ THẦN CÔNG SỞ NỮA NÈ 😍 https://www.dienanh.net/news/jang-na-ra-toa-sang-voi-tao-hinh-cong-so-trong-drama-moi-21527.html,"4,8K","4,7K",10,147,2,,,18 bình luậ,10156784330550308,/story.php?story_fbid=10156784330550308&id=153464615307,Lưu
DienAnh.Net,,2019-11-14 19:40:14,MỪNG QUÁ 😍 https://www.dienanh.net/news/duong-mich-hoa-than-thanh-bac-si-sau-khi-tu-choi-phim-gia-hanh-21526.html,"2,9K","2,9K",12,55,2,,,1 bình luậ,10156784302190308,/story.php?story_fbid=10156784302190308&id=153464615307,Lưu
DienAnh.Net,,2019-11-14 19:22:00,Mấy cái đứa nhát bóng vía thì nên ở nhà ngoan ngoãn chớ đừng đòi đi bụi giống cô gái này nha 🤣 Cười mịt mũi =))),"1,7K","1,4K",235,26,2,4,,10 bình luậ,10156784521635308,/story.php?story_fbid=10156784521635308&id=153464615307,Lưu
DienAnh.Net,,2019-11-14 19:10:05,"Loạt ảnh sân bay của Cúc Tịnh Y gần đây khiến netizen ""đứng ngồi không yên""  😍 https://www.yan.vn/my-nu-4000-nam-co-mot-dep-bat-chap-anh-chup-camera-thuong-215168.html",93,90,1,2,,,,1 bình luậ,10156784390420308,/story.php?story_fbid=10156784390420308&id=153464615307,Lưu
DienAnh.Net,,2019-11-14 18:40:00,XINH ĐẸP MIỄN CHÊ 😍 https://www.dienanh.net/news/shin-se-kyung-tung-bo-anh-dep-nhu-tien-nu-quang-ba-fanmeeting-21529.html,4K,"3,9K",16,124,6,,1,21 bình luậ,10156784409455308,/story.php?story_fbid=10156784409455308&id=153464615307,Lưu
DienAnh.Net,,2019-11-14 18:20:16,Ngọc Lan - Thanh Bình với chặng đường 15 năm dài bên nhau vẫn không tránh khỏi được kết cục tan vỡ 😢 https://bestie.vn/2019/11/ngoc-lan-thanh-binh-tu-tri-ky-den-vo-chong-cu-ngo-la-mai-mai,54,51,2,,,1,,1 bình luậ,10156784284950308,/story.php?story_fbid=10156784284950308&id=153464615307,Lưu
DienAnh.Net,,2019-11-14 18:00:06,Những điều mà người phụ nữ khi kết hôn cùng một người chồng là nghệ sĩ phải trải qua 🤔 https://bestie.vn/2019/11/ba-xa-dang-khoi-lay-chong-nghe-si-khong-the-cho-phep-minh-yeu-duoi,36,36,,,,,,Bình luậ,10156784354140308,/story.php?story_fbid=10156784354140308&id=153464615307,Lưu
DienAnh.Net,,2019-11-14 17:40:00,Hari Won đảm nhận vai trò hướng dẫn viên du lịch để đưa cả nhà đi tham quan 😍 https://www.yan.vn/het-xin-o-dam-cuoi-dong-nhi-tran-thanh-hari-won-nhau-tha-ga-o-han-215194.html,484,473,1,10,,,,Bình luậ,10156784387740308,/story.php?story_fbid=10156784387740308&id=153464615307,Lưu
"DienAnh.Net,YAN TV",YAN TV,2019-11-14 14:56:15,EMMA DẬY THÌ THÀNH CÔNG DÃ MAN BÀ CON Ạ!Có thể nói Emma Watson là người duy nhất dậy thì thành công trong hội này 😳,19,19,,,,,,1 bình luậ,10156784408310308,/story.php?story_fbid=10156784408310308&id=153464615307,Lưu
"DienAnh.Net,YAN News",YAN News,2019-11-14 16:56:00,QUÁ GHÊ GỚM!,10,10,,,,,,Bình luậ,10156784408195308,/story.php?story_fbid=10156784408195308&id=153464615307,Lưu
DienAnh.Net,,2019-11-14 17:10:00,Soái ca ngày nào giờ đã trở thành ông chú!!! 😱 https://www.yan.vn/soai-ca-draco-malfoy-trong-harry-potter-xuong-sac-tram-trong-215133.html,27,24,,1,,2,,Bình luậ,10156784385840308,/story.php?story_fbid=10156784385840308&id=153464615307,Lưu
"DienAnh.Net,YAN News",YAN News,2019-11-14 16:41:34,ĐÁM CƯỚI RIÊNG TƯ NHẤT SHOWBIZ!,352,348,1,3,,,,9 bình luậ,10156784402345308,/story.php?story_fbid=10156784402345308&id=153464615307,Lưu
DienAnh.Net,,2019-11-14 16:57:17,Màn “khóa môi” ngay trên sân khấu gây sốc toàn mạng xã hội 😱 https://www.yan.vn/het-xam-doi-lai-khoa-moi-selena-gomez-dang-an-y-ve-chuyen-tinh-moi-215161.html,25,24,1,,,,,1 bình luậ,10156784385195308,/story.php?story_fbid=10156784385195308&id=153464615307,Lưu
"DienAnh.Net,YAN News",YAN News,2019-11-14 16:32:23,"HAIZ, 1 CẶP ĐÔI ĐẸP VẬY MÀ...",16,16,,,,,,Bình luậ,10156784359590308,/story.php?story_fbid=10156784359590308&id=153464615307,Lưu
DienAnh.Net,,2019-11-14 16:10:00,Nổi tiếng là mỹ nhân của làng giải trí Việt nhưng chẳng ai ngờ Bảo Anh của 18 năm trước đã xinh đẹp hết nấc 😍 https://bestie.vn/2019/11/bao-anh-cua-18-nam-truoc-va-18-nam-sau-xinh-dep-tu-tam-be,39,38,,1,,,,Bình luậ,10156784283540308,/story.php?story_fbid=10156784283540308&id=153464615307,Lưu
DienAnh.Net,,2019-11-14 15:40:58,Miyeon gây sốt với nhan sắc ngọt ngào 😍 https://bestie.vn/2019/11/miyeon-thanh-vien-hut-cua-back-pink-lo-dien-voi-nhan-sac-dinh-cao,47,46,,1,,,,Bình luậ,10156784282965308,/story.php?story_fbid=10156784282965308&id=153464615307,Lưu
DienAnh.Net,,2019-11-14 15:10:00,Cuối cùng nam diễn viên đã chính thức lên tiếng trên trang cá nhân 🤔 https://www.yan.vn/thanh-binh-chinh-thuc-he-lo-ly-do-ly-hon-ngoc-lan-sau-3-nam-man-nong-215192.html,39,37,2,,,,,2 bình luậ,10156784158160308,/story.php?story_fbid=10156784158160308&id=153464615307,Lưu
DienAnh.Net,,2019-11-14 14:40:00,"Đi thi đại học, Jeon Somi chiếm spotlight vì nhan sắc cực phẩm 😍 https://bestie.vn/2019/11/nu-than-lai-jeon-somi-di-thi-dai-hoc-gay-nao-loan-vi-visual-dinh-cao",23,21,,2,,,,Bình luậ,10156784149955308,/story.php?story_fbid=10156784149955308&id=153464615307,Lưu
DienAnh.Net,,2019-11-14 14:21:01,Sao Hàn cũng không cưỡng lại sức hút của “đôi giày G-Dragon” 😍 https://bestie.vn/2019/11/g-dragon-khien-sao-han-phat-sot-voi-mau-giay-moi-do-minh-thiet-ke,90,87,,3,,,,Bình luậ,10156784113160308,/story.php?story_fbid=10156784113160308&id=153464615307,Lưu
DienAnh.Net,,2019-11-14 13:40:00,"Dù đã là bà mẹ 2 con nhưng nhan sắc của KIM TAE HEE vẫn xinh đẹp, trẻ trung như thuở mới vào nghề 😍 https://bestie.vn/2019/11/hanh-trinh-nhan-sac-cua-kim-tae-hee-gan-20-nam-van-xinh-dep-nhu-the",71,67,,4,,,,Bình luậ,10156784044990308,/story.php?story_fbid=10156784044990308&id=153464615307,Lưu
DienAnh.Net,,2019-11-14 13:19:02,🤔 https://www.dienanh.net/news/lam-chi-dinh-lan-dau-he-lo-ly-do-chia-tay-lam-tam-nhu-sau-20-nam-21525.html,13K,13K,18,121,12,34,,118 bình luậ,10156784038460308,/story.php?story_fbid=10156784038460308&id=153464615307,Lưu
DienAnh.Net,,2019-11-14 12:44:02,CHÚC MỪNG CHỊ GONG VÀ ANH KANG NHA 😍 https://www.dienanh.net/news/khi-hoa-tra-no-dat-moc-rating-tren-20-xac-lap-ky-luc-moi-21524.html,"2,5K","2,4K",8,95,5,,1,26 bình luậ,10156783995405308,/story.php?story_fbid=10156783995405308&id=153464615307,Lưu
"DienAnh.Net,YAN News",YAN News,2019-11-14 11:49:33,HẾT YÊU THÌ LÝ DO NÀO CŨNG NÓI ĐƯỢC CẢ @@,225,218,1,2,,4,,17 bình luậ,10156783919955308,/story.php?story_fbid=10156783919955308&id=153464615307,Lưu
DienAnh.Net,,2019-11-14 12:10:00,MẶT MỘC MÀ ĐẸP RẠNG NGỜI NHA 😍 https://www.dienanh.net/news/han-hyo-joo-khoe-anh-mat-moc-100-quay-phim-truyen-hinh-my-21522.html,"4,4K","4,3K",5,125,4,,,8 bình luậ,10156783906910308,/story.php?story_fbid=10156783906910308&id=153464615307,Lưu
DienAnh.Net,,2019-11-14 11:46:51,😢 https://www.dienanh.net/news/truong-gia-nghe-sinh-con-van-khong-duoc-goi-me-chong-la-me-21523.html,"9,1K","8,8K",14,60,7,222,5,34 bình luậ,10156783906290308,/story.php?story_fbid=10156783906290308&id=153464615307,Lưu
DienAnh.Net,,2019-11-14 11:22:01,Ghét của nào trời trao của nấy 🤣 Ông bà ta nói chả có sai bao giờ,173,168,4,1,,,,Bình luậ,10156781513015308,/story.php?story_fbid=10156781513015308&id=153464615307,Lưu
DienAnh.Net,,2019-11-14 11:00:10,😍 https://www.yan.vn/8-buc-anh-instagram-cua-lisa-blackpink-duoc-nhieu-luot-thich-nhat-215127.html,62,61,,1,,,,Bình luậ,10156783843970308,/story.php?story_fbid=10156783843970308&id=153464615307,Lưu
DienAnh.Net,,2019-11-14 10:45:13,SAO VIỆT HÔM NAY CÓ GÌ HOT? 😯 https://bestie.vn/2019/11/chi-pu-dap-tra-tin-unfollow-gil-le-dong-nhi-chia-se-sau-4-ngay-lam-vo,149,146,,3,,,,Bình luậ,10156783821410308,/story.php?story_fbid=10156783821410308&id=153464615307,Lưu
"DienAnh.Net,YAN TV",YAN TV,2019-11-14 10:18:53,MẤT NIỀM TIN VÀO ĐÀN ÔNG RỒI SAO? @@,13,12,1,,,,,Bình luậ,10156783807980308,/story.php?story_fbid=10156783807980308&id=153464615307,Lưu
"DienAnh.Net,YAN News",YAN News,2019-11-14 10:11:52,NHẮM LÀM LẠI CHỊ KHÔNG? 😆,72,70,1,1,,,,Bình luậ,10156783776880308,/story.php?story_fbid=10156783776880308&id=153464615307,Lưu
DienAnh.Net,,2019-11-14 10:10:08,PHỤ KIỆN KHÔNG THỂ THIẾU NHA 😅 https://www.yan.vn/sao-nam-viet-mang-giay-don-tran-thanh-son-tung-dan-dau-215046.html,121,119,,2,,,,Bình luậ,10156781501930308,/story.php?story_fbid=10156781501930308&id=153464615307,Lưu
"DienAnh.Net,YAN News",YAN News,2019-11-14 09:55:14,"PHIM VẬN VÀO ĐỜI LÀ CÓ THẬT CHĂNG? @@4 bộ phim cũng là 4 cột mốc trên hành trình tình cảm của 2 người, mọi thứ cứ như mới hôm qua...",6,6,,,,,,Bình luậ,10156783751910308,/story.php?story_fbid=10156783751910308&id=153464615307,Lưu
DienAnh.Net,,2019-11-14 09:40:02,"Khoác lên mình những bộ quần áo học sinh giản dị, họ cũng không bao giờ làm người hâm mộ thất vọng về nhan sắc 🥰 https://bestie.vn/2019/11/sao-tbiz-dien-dong-phuc-hoc-sinh-chi-dai-janie-chiem-spotlight-nhat",39,38,,1,,,,Bình luậ,10156781515635308,/story.php?story_fbid=10156781515635308&id=153464615307,Lưu
DienAnh.Net,,2019-11-14 09:10:55,Đôi khi vứt bỏ lại là điểm khởi đầu để phụ nữ có thể sống một cuộc sống mới hạnh phúc hơn 😎 https://bestie.vn/2019/11/lu-le-quan-tro-thanh-dai-gia-nuc-tieng-sau-khi-bi-chong-ty-phu-vut-bo,29,29,,,,,,Bình luậ,10156781232615308,/story.php?story_fbid=10156781232615308&id=153464615307,Lưu
DienAnh.Net,,2019-11-14 08:40:41,"Ngô Kỳ Long, dù có sự nghiệp nghệ thuật đi vào huyền thoại nhưng cuộc sống của anh lại trải qua nhiều cay đắng 😢 https://bestie.vn/2019/11/goc-toi-sau-anh-hao-quang-san-khau-cua-ngo-ky-long",85,85,,,,,,Bình luậ,10156781229210308,/story.php?story_fbid=10156781229210308&id=153464615307,Lưu
DienAnh.Net,,2019-11-14 08:10:07,NGÀY CÀNG ĐẸP RA 😍 https://bestie.vn/2019/11/kha-ngan-tuoi-21-ngay-cang-co-khi-chat-quy-co-hang-hieu,58,56,,2,,,,Bình luậ,10156781230065308,/story.php?story_fbid=10156781230065308&id=153464615307,Lưu
DienAnh.Net,,2019-11-13 22:10:00,NHAN SẮC KHÔNG BAO GIỜ CÓ THỂ THAY THẾ 🥰 https://www.dienanh.net/news/nang-dae-jang-geum-lee-young-ae-hoan-hao-tu-phim-ra-ngoai-doi-21516.html,"1,7K","1,6K",2,65,1,,,18 bình luậ,10156781507035308,/story.php?story_fbid=10156781507035308&id=153464615307,Lưu
DienAnh.Net,,2019-11-13 21:22:00,"Nếu người con trai ấy có thể yếu đuối được với bạn, có nghĩa bạn là người họ tin tưởng mới dám bộc lộ đó 😉",37,34,2,1,,,,Bình luậ,10156778673890308,/story.php?story_fbid=10156778673890308&id=153464615307,Lưu
DienAnh.Net,,2019-11-13 21:00:38,Trường hợp của Dương lệ Quyên thật sự là một hồi chuông cảnh tỉnh 😢 https://bestie.vn/2019/11/cuoc-song-bi-dat-cua-fan-cuong-luu-duc-hoa-cha-tu-tu-de-con-gap-idol,159,152,1,3,1,1,1,8 bình luậ,10156781194110308,/story.php?story_fbid=10156781194110308&id=153464615307,Lưu
DienAnh.Net,,2019-11-13 20:22:00,Tưởng đâu là Quỳnh Anh Shyn nên tán lấy tán để nhưng chàng trai chạy mất dép khi biết chỉ là fake 🤣,1K,867,122,12,1,3,,11 bình luậ,10156781827945308,/story.php?story_fbid=10156781827945308&id=153464615307,Lưu
DienAnh.Net,,2019-11-13 20:00:00,KHỔ QUÁ 😅 https://www.dienanh.net/news/trinh-sang-hot-hoang-khi-gap-paparazi-bi-ruot-chay-khap-san-bay-21514.html,62,60,1,1,,,,Bình luậ,10156781502985308,/story.php?story_fbid=10156781502985308&id=153464615307,Lưu
DienAnh.Net,,2019-11-13 19:40:00,"CHÚC MỪNG SINH NHẬT ""ÔNG XÃ NHÀ NGƯỜI TA"" 😍 https://www.dienanh.net/news/angelababy-chuc-mung-sinh-nhat-huynh-hieu-minh-dap-tan-tin-don-ly-hon-21515.html","9,1K","8,9K",45,164,5,,,35 bình luậ,10156781505170308,/story.php?story_fbid=10156781505170308&id=153464615307,Lưu
DienAnh.Net,,2019-11-13 19:20:28,Đã không đủ bản lĩnh lại còn giở thói lăng nhăng :v Loại đàn ông này chắc cần phải...ừm hứm :))),13K,10K,"2,8K",157,7,21,5,120 bình luậ,10156781343445308,/story.php?story_fbid=10156781343445308&id=153464615307,Lưu
DienAnh.Net,,2019-11-13 19:10:00,😍 https://www.dienanh.net/news/kim-tae-hee-tai-xuat-xinh-dep-rang-ngoi-hau-sinh-con-gay-sot-21519.html,455,438,1,15,1,,,Bình luậ,10156781597095308,/story.php?story_fbid=10156781597095308&id=153464615307,Lưu
DienAnh.Net,,2019-11-27 08:40:00,Nhan sắc của NINH DƯƠNG LAN NGỌC đã thăng hạng đáng kể sau 10 năm và trở thành một trong những mỹ nhân hàng đầu showbiz Việt 😎 https://bestie.vn/2019/11/hanh-trinh-10-nam-lot-xac-nhan-sac-cua-ngoc-nu-ninh-duong-lan-ngoc,111,103,2,5,,1,,Bình luậ,10156818741835308,/story.php?story_fbid=10156818741835308&id=153464615307,Lưu
DienAnh.Net,,2019-11-24 09:10:01,DỰ LÀ HOT KHÔNG KÉM ĐÁM CƯỚI SAO NÀO 😆,82,81,,1,,,,1 bình luậ,10156812525390308,/story.php?story_fbid=10156812525390308&id=153464615307,Lưu
"DienAnh.Net,YAN News",YAN News,2019-11-16 08:17:50,"ỦA, PHẢI ""BÉ BỈNH"" ĐÓ KHÔNG? NGẦU QUÁ 😝""BÉ BỈNH"" NGẦU HÚ HỒN BÀ CON EI 😝",13,13,,,,,,Bình luậ,10156789776465308,/story.php?story_fbid=10156789776465308&id=153464615307,Lưu
DienAnh.Net,,2019-11-15 15:37:08,CUỘC LI HÔN ỒN ÀO KIA KHÔNG BIẾT CÓ ẢNH HƯỞNG ĐẾN BỘ PHIM KHÔNG NHỈ? :(,23,23,,,,,,1 bình luậ,10156787320305308,/story.php?story_fbid=10156787320305308&id=153464615307,Lưu
DienAnh.Net,,2019-11-15 14:10:00,TRỒI SỤT THẤT THƯỜNG QUÁ 🤔 https://www.dienanh.net/news/rating-khi-hoa-tra-no-cua-gong-hyo-jin-giam-manh-o-tap-14-21534.html,651,647,,2,,2,,1 bình luậ,10156787140600308,/story.php?story_fbid=10156787140600308&id=153464615307,Lưu
DienAnh.Net,,2019-11-13 15:50:33,Những chia sẻ của nữ ca sĩ Đông Nhi về cuộc sống tân hôn khiến nhiều người vô cùng ngưỡng mộ 😍 https://bestie.vn/2019/11/dong-nhi-lan-dau-chia-se-ve-cuoc-song-tan-hon-sau-dam-cuoi-the-ky,18,18,,,,,,Bình luậ,10156781492825308,/story.php?story_fbid=10156781492825308&id=153464615307,Lưu
"DienAnh.Net,YAN News",YAN News,2019-11-10 15:46:15,"Người ta mới lên chức giám đốc truyền thông đó, vậy mà cạo tóc người ta :)))))",165,163,2,,,,,Bình luậ,10156772868420308,/story.php?story_fbid=10156772868420308&id=153464615307,Lưu
DienAnh.Net,,2019-11-09 21:22:00,THANH NIÊN CỨNG NHẤT NĂM 😱 Cà khịa từ thầy giáo đến nhỏ cùng bàn... Đúng kiểu chán sống mà 😤,130,120,8,2,,,,5 bình luậ,10156767833605308,/story.php?story_fbid=10156767833605308&id=153464615307,Lưu
